103 103 0.00
109 109 0.00
1010 1010 0.00
1011 1011 0.00
1012 1012 0.00
1013 1013 0.00
1014 1014 0.00
1016 1016 0.00
1017 1017 0.00
1018 1018 0.00
1019 1019 0.00
1020 1020 0.00
1022 1022 0.00
1023 1023 0.00
1024 1024 0.00
1029 1029 0.00
1030 1030 0.00
1033 1033 0.00
1034 1034 0.00
1035 1035 0.00
1037 1037 0.00
1038 1038 0.00
1039 1039 0.00
1040 1040 0.00
1041 1041 0.00
1042 1042 0.00
1043 1043 0.00
1044 1044 0.00
1045 1045 0.00
1046 1046 0.00
1047 1047 0.00
1048 1048 0.00
1049 1049 0.00
1051 1051 0.00
1052 1052 0.00
1054 1054 0.00
1055 1055 0.00
1056 1056 0.00
1057 1057 0.00
1058 1058 0.00
1059 1059 0.00
1065 1065 0.00
1066 1066 0.00
1071 1071 0.00
1072 1072 0.00
1073 1073 0.00
1074 1074 0.00
1075 1075 0.00
1076 1076 0.00
1077 1077 0.00
1078 1078 0.00
1081 1081 0.00
1082 1082 0.00
1083 1083 0.00
1084 1084 0.00
1085 1085 0.00
1086 1086 0.00
1088 1088 0.00
1089 1089 0.00
1090 1090 0.00
1091 1091 0.00
1092 1092 0.00
1093 1093 0.00
1094 1094 0.00
103 109 1723.81
103 1010 2004.03
103 1011 4359.22
103 1012 4041.50
103 1013 4163.51
103 1014 2514.25
103 1016 4042.03
103 1017 1721.64
103 1018 990.04
103 1019 1525.52
103 1020 3213.96
103 1022 2511.15
103 1023 3603.95
103 1024 4161.55
103 1029 2083.68
103 1030 1154.74
103 1033 575.35
103 1034 1000.16
103 1035 2079.25
103 1037 2001.65
103 1038 4001.48
103 1039 1003.62
103 1040 2645.94
103 1041 2890.28
103 1042 1149.10
103 1043 3218.01
103 1044 996.67
103 1045 4719.93
103 1046 3607.78
103 1047 3783.53
103 1048 2310.47
103 1049 998.51
103 1051 2520.62
103 1052 2083.93
103 1054 3056.60
103 1055 1006.69
103 1056 1734.66
103 1057 2000.08
103 1058 3512.69
103 1059 1996.96
103 1065 3511.84
103 1066 2641.97
103 1071 1525.73
103 1072 1528.14
103 1073 3053.72
103 1074 1728.99
103 1075 2647.27
103 1076 4356.19
103 1077 1526.95
103 1078 2641.23
103 1081 3464.19
103 1082 3786.54
103 1083 3222.71
103 1084 4584.02
103 1085 3605.01
103 1086 1732.08
103 1088 4612.64
103 1089 2518.90
103 1090 4509.67
103 1091 2992.62
103 1092 4044.19
103 1093 2998.34
103 1094 3508.98
109 1010 1011.70
109 1011 3994.38
109 1012 3506.66
109 1013 3211.97
109 1014 2876.14
109 1016 2520.01
109 1017 2980.92
109 1018 2630.53
109 1019 2072.05
109 1020 3046.37
109 1022 3206.03
109 1023 2004.22
109 1024 4032.29
109 1029 1519.37
109 1030 569.13
109 1033 1515.46
109 1034 1988.59
109 1035 2296.74
109 1037 995.60
109 1038 2647.30
109 1039 1997.71
109 1040 1011.51
109 1041 2509.97
109 1042 1510.22
109 1043 1536.34
109 1044 2635.28
109 1045 3777.88
109 1046 2644.65
109 1047 3502.81
109 1048 586.74
109 1049 986.55
109 1051 1157.16
109 1052 577.45
109 1054 1530.98
109 1055 994.78
109 1056 1735.50
109 1057 2645.46
109 1058 2307.50
109 1059 2632.85
109 1065 2082.75
109 1066 1988.63
109 1071 2505.65
109 1072 568.49
109 1073 3204.17
109 1074 1720.90
109 1075 1005.89
109 1076 3599.40
109 1077 1144.78
109 1078 2633.40
109 1081 2993.22
109 1082 3050.13
109 1083 2513.96
109 1084 3463.49
109 1085 3595.76
109 1086 2995.15
109 1088 4029.71
109 1089 1524.80
109 1090 3214.49
109 1091 3449.62
109 1092 2886.64
109 1093 1728.88
109 1094 3773.34
1010 1011 5006.02
1010 1012 4514.87
1010 1013 4168.38
1010 1014 3790.12
1010 1016 3218.12
1010 1017 3600.50
1010 1018 2643.04
1010 1019 2892.09
1010 1020 4046.05
1010 1022 4046.43
1010 1023 2651.48
1010 1024 5036.95
1010 1029 2521.88
1010 1030 1157.56
1010 1033 2083.51
1010 1034 2650.04
1010 1035 3217.00
1010 1037 2007.21
1010 1038 3468.44
1010 1039 1733.45
1010 1040 999.44
1010 1041 3518.04
1010 1042 2306.82
1010 1043 2085.91
1010 1044 3000.67
1010 1045 4725.26
1010 1046 3612.43
1010 1047 4512.54
1010 1048 1157.02
1010 1049 1732.95
1010 1051 2089.58
1010 1052 1533.09
1010 1054 2314.17
1010 1055 997.34
1010 1056 999.57
1010 1057 1999.09
1010 1058 3217.88
1010 1059 3466.55
1010 1065 2890.43
1010 1066 3000.26
1010 1071 3218.62
1010 1072 1533.99
1010 1073 4167.37
1010 1074 2649.28
1010 1075 1737.85
1010 1076 4585.62
1010 1077 2086.78
1010 1078 3607.20
1010 1081 4004.85
1010 1082 4046.12
1010 1083 3519.31
1010 1084 4363.60
1010 1085 4586.53
1010 1086 2644.93
1010 1088 5031.65
1010 1089 2523.50
1010 1090 4044.52
1010 1091 4358.84
1010 1092 3790.87
1010 1093 2648.46
1010 1094 4727.81
1011 1012 577.65
1011 1013 1528.20
1011 1014 2084.41
1011 1016 3215.99
1011 1017 3608.43
1011 1018 5186.00
1011 1019 2889.59
1011 1020 1155.37
1011 1022 2529.17
1011 1023 3457.55
1011 1024 576.81
1011 1029 2516.80
1011 1030 4044.90
1011 1033 3788.62
1011 1034 3463.49
1011 1035 2311.50
1011 1037 2998.83
1011 1038 2648.66
1011 1039 5295.26
1011 1040 4586.34
1011 1041 1526.02
1011 1042 3221.39
1011 1043 3789.76
1011 1044 4364.58
1011 1045 1525.78
1011 1046 1732.21
1011 1047 579.96
1011 1048 4044.74
1011 1049 3610.32
1011 1051 3054.17
1011 1052 3512.63
1011 1054 3215.94
1011 1055 4587.46
1011 1056 5570.90
1011 1057 6245.62
1011 1058 2313.50
1011 1059 2647.64
1011 1065 2888.00
1011 1066 2005.79
1011 1071 3216.60
1011 1072 3511.47
1011 1073 1527.97
1011 1074 2649.18
1011 1075 3605.24
1011 1076 999.50
1011 1077 3056.17
1011 1078 1736.67
1011 1081 1001.19
1011 1082 1157.20
1011 1083 1529.33
1011 1084 2003.44
1011 1085 998.18
1011 1086 6083.22
1011 1088 577.36
1011 1089 2516.02
1011 1090 2520.26
1011 1091 2005.99
1011 1092 2086.65
1011 1093 2647.88
1011 1094 1526.12
1012 1013 1000.44
1012 1014 2002.26
1012 1016 2646.92
1012 1017 3512.94
1012 1018 4922.35
1012 1019 2648.51
1012 1020 999.60
1012 1022 2528.87
1012 1023 2879.91
1012 1024 998.54
1012 1029 2081.04
1012 1030 3608.64
1012 1033 3466.17
1012 1034 3213.51
1012 1035 2082.77
1012 1037 2515.02
1012 1038 2084.35
1012 1039 4936.25
1012 1040 4044.96
1012 1041 1151.25
1012 1042 2892.42
1012 1043 3218.01
1012 1044 4168.24
1012 1045 1151.07
1012 1046 1154.57
1012 1047 577.70
1012 1048 3514.83
1012 1049 3218.73
1012 1051 2515.14
1012 1052 3000.24
1012 1054 2646.78
1012 1055 4167.41
1012 1056 5134.39
1012 1057 5859.86
1012 1058 1735.86
1012 1059 2517.65
1012 1065 2310.36
1012 1066 1532.82
1012 1071 3056.71
1012 1072 3054.31
1012 1073 1527.07
1012 1074 2312.53
1012 1075 3054.35
1012 1076 575.40
1012 1077 2646.56
1012 1078 1531.13
1012 1081 577.32
1012 1082 579.56
1012 1083 999.25
1012 1084 1530.78
1012 1085 1151.67
1012 1086 5773.58
1012 1088 571.15
1012 1089 1998.86
1012 1090 2003.31
1012 1091 2085.87
1012 1092 1532.43
1012 1093 2083.55
1012 1094 1729.40
1013 1014 2647.80
1013 1016 1732.80
1013 1017 4040.44
1013 1018 5121.27
1013 1019 3003.05
1013 1020 1731.34
1013 1022 3226.27
1013 1023 2074.73
1013 1024 1998.99
1013 1029 2079.84
1013 1030 3466.88
1013 1033 3606.93
1013 1034 3510.78
1013 1035 2516.67
1013 1037 2307.65
1013 1038 1156.74
1013 1039 4935.96
1013 1040 3515.38
1013 1041 1522.32
1013 1042 3058.55
1013 1043 2519.03
1013 1044 4513.26
1013 1045 571.43
1013 1046 575.40
1013 1047 1527.47
1013 1048 3057.56
1013 1049 3217.79
1013 1051 2078.80
1013 1052 2645.16
1013 1054 2000.28
1013 1055 4044.03
1013 1056 4935.43
1013 1057 5774.05
1013 1058 1002.57
1013 1059 3055.42
1013 1065 1528.21
1013 1066 1530.94
1013 1071 3513.43
1013 1072 2886.00
1013 1073 2308.76
1013 1074 2519.52
1013 1075 2515.35
1013 1076 576.99
1013 1077 2646.55
1013 1078 2083.89
1013 1081 1153.52
1013 1082 575.35
1013 1083 989.58
1013 1084 579.94
1013 1085 2078.83
1013 1086 5859.40
1013 1088 1148.95
1013 1089 1730.12
1013 1090 1002.87
1013 1091 2889.63
1013 1092 581.03
1013 1093 1529.67
1013 1094 2642.97
1014 1016 3607.23
1014 1017 1527.23
1014 1018 3201.98
1014 1019 999.38
1014 1020 1002.66
1014 1022 586.52
1014 1023 3506.46
1014 1024 1733.17
1014 1029 1529.48
1014 1030 2647.04
1014 1033 2000.88
1014 1034 1524.65
1014 1035 579.41
1014 1037 2080.55
1014 1038 3218.09
1014 1039 3513.16
1014 1040 3787.47
1014 1041 1161.56
1014 1042 1533.88
1014 1043 3516.06
1014 1044 2312.67
1014 1045 3052.03
1014 1046 2312.53
1014 1047 1528.09
1014 1048 3216.48
1014 1049 2084.80
1014 1051 2517.98
1014 1052 2646.60
1014 1054 3001.74
1014 1055 3059.36
1014 1056 4042.30
1014 1057 4507.06
1014 1058 2649.87
1014 1059 576.91
1014 1065 3056.13
1014 1066 1530.22
1014 1071 1154.02
1014 1072 2307.67
1014 1073 579.12
1014 1074 1155.26
1014 1075 3054.90
1014 1076 2516.12
1014 1077 1731.37
1014 1078 577.84
1014 1081 1530.70
1014 1082 2085.52
1014 1083 1745.19
1014 1084 3218.92
1014 1085 1157.68
1014 1086 4161.22
1014 1088 2514.71
1014 1089 2001.10
1014 1090 3467.64
1014 1091 573.52
1014 1092 2892.91
1014 1093 2517.08
1014 1094 999.14
1016 1017 4614.63
1016 1018 5024.29
1016 1019 3467.27
1016 1020 2999.65
1016 1022 4172.89
1016 1023 573.74
1016 1024 3604.95
1016 1029 2307.23
1016 1030 3001.97
1016 1033 3605.78
1016 1034 3785.19
1016 1035 3213.54
1016 1037 2081.02
1016 1038 576.08
1016 1039 4511.64
1016 1040 2312.58
1016 1041 2512.95
1016 1042 3214.05
1016 1043 1154.50
1016 1044 4728.00
1016 1045 2079.16
1016 1046 1528.13
1016 1047 3054.85
1016 1048 2083.08
1016 1049 3056.26
1016 1051 1524.19
1016 1052 1998.47
1016 1054 999.09
1016 1055 3511.62
1016 1056 4165.33
1016 1057 5132.41
1016 1058 997.35
1016 1059 3785.51
1016 1065 577.91
1016 1066 2080.96
1016 1071 4042.83
1016 1072 2516.51
1016 1073 3511.40
1016 1074 2888.87
1016 1075 1526.05
1016 1076 2309.78
1016 1077 2646.75
1016 1078 3055.42
1016 1081 2516.01
1016 1082 2080.35
1016 1083 1991.33
1016 1084 1526.60
1016 1085 3509.79
1016 1086 5507.30
1016 1088 2881.74
1016 1089 1731.00
1016 1090 998.07
1016 1091 4042.12
1016 1092 1151.78
1016 1093 1156.32
1016 1094 3997.27
1017 1018 1982.80
1017 1019 1147.39
1017 1020 2518.23
1017 1022 1149.09
1017 1023 4348.76
1017 1024 3217.20
1017 1029 2307.42
1017 1030 2509.01
1017 1033 1520.80
1017 1034 992.34
1017 1035 1526.23
1017 1037 2639.77
1017 1038 4357.19
1017 1039 2638.91
1017 1040 3992.41
1017 1041 2521.03
1017 1042 1524.77
1017 1043 4160.48
1017 1044 997.66
1017 1045 4503.41
1017 1046 3605.34
1017 1047 3055.30
1017 1048 3505.58
1017 1049 1994.37
1017 1051 3211.31
1017 1052 3049.59
1017 1054 3781.54
1017 1055 2642.69
1017 1056 3456.30
1017 1057 3595.39
1017 1058 3784.56
1017 1059 999.54
1017 1065 4036.73
1017 1066 2641.92
1017 1071 571.85
1017 1072 2508.42
1017 1073 2084.31
1017 1074 1725.78
1017 1075 3599.17
1017 1076 3997.51
1017 1077 2074.65
1017 1078 1997.21
1017 1081 3001.12
1017 1082 3512.89
1017 1083 3064.73
1017 1084 4583.18
1017 1085 2650.30
1017 1086 2991.68
1017 1088 4038.65
1017 1089 2883.65
1017 1090 4724.43
1017 1091 1729.77
1017 1092 4164.90
1017 1093 3458.32
1017 1094 2313.36
1018 1019 2296.44
1018 1020 4030.65
1018 1022 3037.24
1018 1023 4572.22
1018 1024 4921.06
1018 1029 3046.79
1018 1030 2072.39
1018 1033 1516.05
1018 1034 1722.51
1018 1035 2874.53
1018 1037 2991.68
1018 1038 4991.52
1018 1039 1000.02
1018 1040 3456.80
1018 1041 3779.42
1018 1042 2067.14
1018 1043 4157.98
1018 1044 985.17
1018 1045 5669.83
1018 1046 4574.35
1018 1047 4606.05
1018 1048 3207.17
1018 1049 1988.55
1018 1051 3506.26
1018 1052 3048.13
1018 1054 4033.61
1018 1055 1729.83
1018 1056 1999.85
1018 1057 1735.37
1018 1058 4499.95
1018 1059 2633.31
1018 1065 4499.48
1018 1066 3591.60
1018 1071 2070.01
1018 1072 2507.78
1018 1073 3774.79
1018 1074 2632.22
1018 1075 3598.33
1018 1076 5278.17
1018 1077 2505.76
1018 1078 3449.36
1018 1081 4348.60
1018 1082 4716.02
1018 1083 4161.63
1018 1084 5558.90
1018 1085 4348.74
1018 1086 1008.91
1018 1088 5491.18
1018 1089 3503.95
1018 1090 5497.89
1018 1091 3588.27
1018 1092 5025.77
1018 1093 3988.38
1018 1094 4151.35
1019 1020 1734.23
1019 1022 1154.40
1019 1023 3212.25
1019 1024 2646.31
1019 1029 1160.05
1019 1030 1734.53
1019 1033 1001.52
1019 1034 573.94
1019 1035 578.11
1019 1037 1529.61
1019 1038 3219.26
1019 1039 2518.36
1019 1040 3057.67
1019 1041 1535.07
1019 1042 585.28
1019 1043 3061.01
1019 1044 1529.20
1019 1045 3509.04
1019 1046 2521.54
1019 1047 2309.64
1019 1048 2520.01
1019 1049 1159.14
1019 1051 2086.44
1019 1052 2003.32
1019 1054 2649.50
1019 1055 2087.30
1019 1056 3056.76
1019 1057 3510.24
1019 1058 2650.55
1019 1059 574.47
1019 1065 2889.36
1019 1066 1528.87
1019 1071 575.56
1019 1072 1528.02
1019 1073 1528.23
1019 1074 578.41
1019 1075 2518.88
1019 1076 3055.09
1019 1077 1001.47
1019 1078 1152.93
1019 1081 2084.92
1019 1082 2520.68
1019 1083 2013.49
1019 1084 3516.80
1019 1085 2083.45
1019 1086 3212.50
1019 1088 3211.70
1019 1089 1736.28
1019 1090 3609.62
1019 1091 1521.92
1019 1092 3061.75
1019 1093 2310.96
1019 1094 1998.51
1020 1022 1540.28
1020 1023 3047.03
1020 1024 999.07
1020 1029 1527.04
1020 1030 3002.08
1020 1033 2647.61
1020 1034 2308.14
1020 1035 1156.13
1020 1037 2079.15
1020 1038 2517.94
1020 1039 4166.11
1020 1040 3787.65
1020 1041 577.96
1020 1042 2087.90
1020 1043 3217.13
1020 1044 3219.68
1020 1045 2076.19
1020 1046 1527.46
1020 1047 575.41
1020 1048 3216.17
1020 1049 2520.36
1020 1051 2308.01
1020 1052 2645.34
1020 1054 2645.71
1020 1055 3516.03
1020 1056 4511.11
1020 1057 5131.07
1020 1058 2002.31
1020 1059 1528.90
1020 1065 2515.87
1020 1066 1158.16
1020 1071 2083.39
1020 1072 2514.75
1020 1073 577.42
1020 1074 1529.73
1020 1075 2885.06
1020 1076 1524.35
1020 1077 1999.71
1020 1078 581.31
1020 1081 577.82
1020 1082 1156.00
1020 1083 1008.36
1020 1084 2311.28
1020 1085 576.18
1020 1086 4932.56
1020 1088 1522.70
1020 1089 1730.53
1020 1090 2647.18
1020 1091 1158.30
1020 1092 2085.50
1020 1093 2081.16
1020 1094 997.63
1022 1023 4043.27
1022 1024 2092.66
1022 1029 2008.45
1022 1030 2888.88
1022 1033 2081.49
1022 1034 1523.08
1022 1035 1008.55
1022 1037 2520.90
1022 1038 3797.99
1022 1039 3509.65
1022 1040 4167.94
1022 1041 1748.06
1022 1042 1739.63
1022 1043 4010.09
1022 1044 2078.81
1022 1045 3612.64
1022 1046 2899.03
1022 1047 2010.86
1022 1048 3611.12
1022 1049 2313.50
1022 1051 3007.77
1022 1052 3060.46
1022 1054 3520.24
1022 1055 3218.80
1022 1056 4162.59
1022 1057 4503.23
1022 1058 3227.02
1022 1059 580.01
1022 1065 3614.27
1022 1066 2091.92
1022 1071 995.25
1022 1072 2647.22
1022 1073 1012.51
1022 1074 1531.98
1022 1075 3517.16
1022 1076 3064.62
1022 1077 2084.55
1022 1078 1164.33
1022 1081 2094.74
1022 1082 2659.41
1022 1083 2331.69
1022 1084 3799.96
1022 1085 1541.25
1022 1086 4033.90
1022 1088 3008.79
1022 1089 2524.85
1022 1090 4054.13
1022 1091 580.80
1022 1092 3479.41
1022 1093 3062.72
1022 1094 1164.40
1023 1024 3777.23
1023 1029 2073.90
1023 1030 2517.11
1023 1033 3211.28
1023 1034 3459.16
1023 1035 3047.42
1023 1037 1727.64
1023 1038 992.73
1023 1039 4001.90
1023 1040 1738.90
1023 1041 2506.34
1023 1042 2880.83
1023 1043 580.90
1023 1044 4357.02
1023 1045 2506.08
1023 1046 1725.36
1023 1047 3206.05
1023 1048 1529.96
1023 1049 2643.45
1023 1051 1147.79
1023 1052 1524.12
1023 1054 572.20
1023 1055 2998.90
1023 1056 3609.07
1023 1057 4584.58
1023 1058 1144.07
1023 1059 3598.80
1023 1065 569.56
1023 1066 1990.96
1023 1071 3781.99
1023 1072 2079.26
1023 1073 3503.94
1023 1074 2641.94
1023 1075 998.40
1023 1076 2637.80
1023 1077 2306.11
1023 1078 2992.50
1023 1081 2637.34
1023 1082 2300.36
1023 1083 2067.43
1023 1084 1992.77
1023 1085 3595.85
1023 1086 4999.34
1023 1088 3201.17
1023 1089 1520.89
1023 1090 1520.14
1023 1091 3992.52
1023 1092 1518.34
1023 1093 993.64
1023 1094 4031.05
1024 1029 2515.10
1024 1030 4001.12
1024 1033 3606.42
1024 1034 3212.17
1024 1035 2082.32
1024 1037 3051.67
1024 1038 3056.08
1024 1039 5133.29
1024 1040 4726.99
1024 1041 1525.72
1024 1042 3060.51
1024 1043 4043.26
1024 1044 4045.81
1024 1045 2078.28
1024 1046 2080.25
1024 1047 577.34
1024 1048 4164.25
1024 1049 3514.65
1024 1051 3211.95
1024 1052 3604.23
1024 1054 3463.37
1024 1055 4512.47
1024 1056 5508.44
1024 1057 6108.44
1024 1058 2647.81
1024 1059 2310.06
1024 1065 3213.56
1024 1066 2084.95
1024 1071 2887.18
1024 1072 3509.14
1024 1073 1154.05
1024 1074 2517.66
1024 1075 3783.46
1024 1076 1525.19
1024 1077 2998.76
1024 1078 1530.27
1024 1081 1154.23
1024 1082 1528.38
1024 1083 1735.28
1024 1084 2518.60
1024 1085 575.49
1024 1086 5858.04
1024 1088 1154.13
1024 1089 2643.21
1024 1090 3001.85
1024 1091 1533.31
1024 1092 2520.01
1024 1093 2886.25
1024 1094 998.71
1029 1030 1531.01
1029 1033 1530.75
1029 1034 1528.87
1029 1035 999.92
1029 1037 574.84
1029 1038 2080.79
1029 1039 2891.29
1029 1040 2310.56
1029 1041 1001.03
1029 1042 1004.37
1029 1043 2001.66
1029 1044 2522.07
1029 1045 2637.98
1029 1046 1527.56
1029 1047 1997.71
1029 1048 1733.34
1029 1049 1159.74
1029 1051 999.33
1029 1052 1154.37
1029 1054 1526.38
1029 1055 2086.37
1029 1056 3058.23
1029 1057 3787.32
1029 1058 1526.48
1029 1059 1528.53
1029 1065 1729.32
1029 1066 571.51
1029 1071 1735.60
1029 1072 999.10
1029 1073 1731.88
1029 1074 581.65
1029 1075 1525.43
1029 1076 2305.38
1029 1077 579.46
1029 1078 1152.90
1029 1081 1526.62
1029 1082 1730.92
1029 1083 1160.04
1029 1084 2515.90
1029 1085 2080.59
1029 1086 3787.51
1029 1088 2638.21
1029 1089 576.23
1029 1090 2514.88
1029 1091 2080.34
1029 1092 2000.76
1029 1093 1150.92
1029 1094 2307.05
1030 1033 998.86
1030 1034 1528.54
1030 1035 2081.40
1030 1037 1159.24
1030 1038 3058.09
1030 1039 1527.89
1030 1040 1527.16
1030 1041 2521.22
1030 1042 1149.26
1030 1043 2085.60
1030 1044 2080.86
1030 1045 4038.31
1030 1046 2891.50
1030 1047 3512.51
1030 1048 1155.73
1030 1049 575.39
1030 1051 1533.49
1030 1052 1003.50
1030 1054 2002.88
1030 1055 577.16
1030 1056 1527.22
1030 1057 2307.17
1030 1058 2647.94
1030 1059 2308.99
1030 1065 2518.24
1030 1066 2079.60
1030 1071 2082.89
1030 1072 580.88
1030 1073 3056.41
1030 1074 1528.07
1030 1075 1530.13
1030 1076 3786.30
1030 1077 1002.37
1030 1078 2515.35
1030 1081 3057.62
1030 1082 3217.30
1030 1083 2653.45
1030 1084 3789.24
1030 1085 3513.45
1030 1086 2514.21
1030 1088 4159.52
1030 1089 1736.77
1030 1090 3607.50
1030 1091 3211.48
1030 1092 3218.65
1030 1093 2081.91
1030 1094 3604.91
1033 1034 580.09
1033 1035 1527.71
1033 1037 1528.73
1033 1038 3513.65
1033 1039 1528.28
1033 1040 2515.09
1033 1041 2314.95
1033 1042 573.76
1033 1043 2889.24
1033 1044 1156.09
1033 1045 4158.76
1033 1046 3058.31
1033 1047 3214.54
1033 1048 2081.31
1033 1049 577.04
1033 1051 2084.98
1033 1052 1733.07
1033 1054 2646.68
1033 1055 1158.36
1033 1056 2081.12
1033 1057 2513.84
1033 1058 3001.49
1033 1059 1527.66
1033 1065 3054.84
1033 1066 2079.39
1033 1071 1156.65
1033 1072 1153.74
1033 1073 2518.12
1033 1074 1153.67
1033 1075 2309.39
1033 1076 3784.86
1033 1077 999.91
1033 1078 2079.73
1033 1081 2888.86
1033 1082 3216.78
1033 1083 2655.66
1033 1084 4043.89
1033 1085 3057.13
1033 1086 2307.42
1033 1088 4037.30
1033 1089 2002.68
1033 1090 4001.02
1033 1091 2512.81
1033 1092 3515.54
1033 1093 2515.13
1033 1094 2999.97
1034 1035 1152.01
1034 1037 1731.53
1034 1038 3606.03
1034 1039 2003.77
1034 1040 3000.10
1034 1041 2084.97
1034 1042 578.42
1034 1043 3217.19
1034 1044 1004.81
1034 1045 4034.41
1034 1046 3000.83
1034 1047 2883.54
1034 1048 2517.35
1034 1049 1002.07
1034 1051 2311.38
1034 1052 2082.56
1034 1054 2886.99
1034 1055 1738.44
1034 1056 2648.19
1034 1057 3000.23
1034 1058 3055.34
1034 1059 996.80
1034 1065 3213.22
1034 1066 1996.29
1034 1071 576.57
1034 1072 1526.25
1034 1073 2079.89
1034 1074 996.13
1034 1075 2645.39
1034 1076 3601.59
1034 1077 1153.06
1034 1078 1726.85
1034 1081 2645.05
1034 1082 3054.88
1034 1083 2525.34
1034 1084 4000.55
1034 1085 2644.86
1034 1086 2646.71
1034 1088 3779.23
1034 1089 2082.32
1034 1090 4041.08
1034 1091 1992.47
1034 1092 3514.08
1034 1093 2643.12
1034 1094 2513.47
1035 1037 1524.16
1035 1038 2887.63
1035 1039 3055.99
1035 1040 3213.72
1035 1041 1005.38
1035 1042 1004.99
1035 1043 3001.57
1035 1044 2085.48
1035 1045 2994.65
1035 1046 2082.96
1035 1047 1731.54
1035 1048 2645.31
1035 1049 1529.24
1035 1051 1999.24
1035 1052 2080.23
1035 1054 2515.79
1035 1055 2519.47
1035 1056 3511.68
1035 1057 4038.93
1035 1058 2310.66
1035 1059 577.90
1035 1065 2644.15
1035 1066 1153.60
1035 1071 1001.24
1035 1072 1728.26
1035 1073 1001.42
1035 1074 575.86
1035 1075 2514.05
1035 1076 2514.41
1035 1077 1151.96
1035 1078 574.83
1035 1081 1528.95
1035 1082 2001.66
1035 1083 1538.51
1035 1084 3056.96
1035 1085 1529.44
1035 1086 3784.02
1035 1088 2641.58
1035 1089 1526.54
1035 1090 3215.28
1035 1091 1152.92
1035 1092 2649.23
1035 1093 2079.25
1035 1094 1527.17
1037 1038 1999.84
1037 1039 2650.34
1037 1040 1735.72
1037 1041 1526.00
1037 1042 1153.20
1037 1043 1531.41
1037 1044 2648.35
1037 1045 2879.07
1037 1046 1732.26
1037 1047 2512.79
1037 1048 1158.50
1037 1049 1003.17
1037 1051 579.85
1037 1052 579.53
1037 1054 1155.47
1037 1055 1736.39
1037 1056 2650.16
1037 1057 3466.40
1037 1058 1526.15
1037 1059 1997.71
1037 1065 1526.12
1037 1066 993.05
1037 1071 2082.28
1037 1072 578.36
1037 1073 2306.71
1037 1074 999.77
1037 1075 1000.54
1037 1076 2641.51
1037 1077 578.47
1037 1078 1727.73
1037 1081 1997.65
1037 1082 2079.52
1037 1083 1528.99
1037 1084 2644.94
1037 1085 2642.40
1037 1086 3606.97
1037 1088 3046.39
1037 1089 577.53
1037 1090 2515.12
1037 1091 2641.30
1037 1092 2081.96
1037 1093 996.71
1037 1094 2881.88
1038 1039 4585.98
1038 1040 2648.88
1038 1041 2079.15
1038 1042 3057.14
1038 1043 1528.13
1038 1044 4586.70
1038 1045 1525.42
1038 1046 1001.82
1038 1047 2518.17
1038 1048 2311.43
1038 1049 3002.98
1038 1051 1524.61
1038 1052 2080.94
1038 1054 1154.27
1038 1055 3606.96
1038 1056 4361.47
1038 1057 5292.71
1038 1058 576.98
1038 1059 3465.53
1038 1065 578.02
1038 1066 1734.04
1038 1071 3788.92
1038 1072 2517.07
1038 1073 3056.30
1038 1074 2649.64
1038 1075 1730.60
1038 1076 1733.73
1038 1077 2518.75
1038 1078 2648.34
1038 1081 2001.00
1038 1082 1527.70
1038 1083 1519.37
1038 1084 1000.05
1038 1085 2999.49
1038 1086 5568.36
1038 1088 2305.69
1038 1089 1527.18
1038 1090 576.10
1038 1091 3608.61
1038 1092 575.72
1038 1093 1003.14
1038 1094 3510.92
1039 1040 2645.30
1039 1041 3792.21
1039 1042 2078.22
1039 1043 3516.01
1039 1044 1729.35
1039 1045 5504.65
1039 1046 4363.96
1039 1047 4726.81
1039 1048 2517.94
1039 1049 1731.55
1039 1051 3061.38
1039 1052 2520.59
1039 1054 3515.21
1039 1055 1003.03
1039 1056 999.88
1039 1057 996.46
1039 1058 4166.00
1039 1059 3000.58
1039 1065 4043.47
1039 1066 3462.80
1039 1071 2518.35
1039 1072 2085.10
1039 1073 4043.64
1039 1074 2646.11
1039 1075 3003.52
1039 1076 5196.66
1039 1077 2311.84
1039 1078 3604.51
1039 1081 4362.12
1039 1082 4622.20
1039 1083 4051.32
1039 1084 5295.27
1039 1085 4585.42
1039 1086 997.46
1039 1088 5504.41
1039 1089 3219.55
1039 1090 5133.95
1039 1091 3996.23
1039 1092 4730.48
1039 1093 3606.13
1039 1094 4509.89
1040 1041 3216.51
1040 1042 2511.54
1040 1043 1158.09
1040 1044 3604.22
1040 1045 4039.94
1040 1046 3004.87
1040 1047 4164.34
1040 1048 577.23
1040 1049 1998.04
1040 1051 1532.19
1040 1052 1156.20
1040 1054 1531.06
1040 1055 1727.01
1040 1056 1998.99
1040 1057 2998.51
1040 1058 2517.89
1040 1059 3604.82
1040 1065 2084.53
1040 1066 2643.69
1040 1071 3512.80
1040 1072 1529.67
1040 1073 4042.42
1040 1074 2646.78
1040 1075 1004.60
1040 1076 4001.64
1040 1077 2083.41
1040 1078 3463.44
1040 1081 3607.73
1040 1082 3514.11
1040 1083 3057.13
1040 1084 3608.64
1040 1085 4359.56
1040 1086 3603.08
1040 1088 4505.72
1040 1089 2085.57
1040 1090 3216.41
1040 1091 4357.01
1040 1092 3057.82
1040 1093 2001.49
1040 1094 4617.59
1041 1042 1741.19
1041 1043 2646.91
1041 1044 3064.25
1041 1045 1989.28
1041 1046 1150.97
1041 1047 996.72
1041 1048 2647.75
1041 1049 2088.37
1041 1051 1730.08
1041 1052 2081.79
1041 1054 2079.95
1041 1055 3061.48
1041 1056 4045.90
1041 1057 4728.65
1041 1058 1526.10
1041 1059 1533.10
1041 1065 1996.32
1041 1066 580.27
1041 1071 2006.62
1041 1072 2000.13
1041 1073 1002.75
1041 1074 1161.30
1041 1075 2307.14
1041 1076 1520.03
1041 1077 1530.20
1041 1078 583.75
1041 1081 573.93
1041 1082 996.29
1041 1083 583.63
1041 1084 2078.66
1041 1085 1154.12
1041 1086 4622.36
1041 1088 1722.38
1041 1089 1152.60
1041 1090 2306.09
1041 1091 1532.48
1041 1092 1731.36
1041 1093 1524.72
1041 1094 1527.15
1042 1043 2645.93
1042 1044 1529.56
1042 1045 3603.39
1042 1046 2521.57
1042 1047 2649.99
1042 1048 1996.14
1042 1049 573.88
1042 1051 1733.04
1042 1052 1524.83
1042 1054 2308.64
1042 1055 1525.48
1042 1056 2511.29
1042 1057 3047.94
1042 1058 2518.97
1042 1059 1159.73
1042 1065 2644.94
1042 1066 1527.62
1042 1071 1005.65
1042 1072 993.81
1042 1073 2006.40
1042 1074 579.95
1042 1075 2078.35
1042 1076 3216.42
1042 1077 574.74
1042 1078 1530.29
1042 1081 2315.11
1042 1082 2650.84
1042 1083 2094.50
1042 1084 3516.07
1042 1085 2523.27
1042 1086 2881.17
1042 1088 3463.56
1042 1089 1529.98
1042 1090 3513.89
1042 1091 2083.62
1042 1092 3005.10
1042 1093 2079.92
1042 1094 2521.39
1043 1044 4045.32
1043 1045 2997.54
1043 1046 2085.55
1043 1047 3465.94
1043 1048 1002.74
1043 1049 2312.20
1043 1051 1002.34
1043 1052 1156.18
1043 1054 579.91
1043 1055 2517.29
1043 1056 3058.22
1043 1057 4043.80
1043 1058 1527.23
1043 1059 3514.06
1043 1065 1001.34
1043 1066 2081.68
1043 1071 3609.77
1043 1072 1735.51
1043 1073 3608.00
1043 1074 2520.99
1043 1075 579.86
1043 1076 3056.39
1043 1077 2085.83
1043 1078 3057.04
1043 1081 2889.06
1043 1082 2647.24
1043 1083 2308.07
1043 1084 2517.43
1043 1085 3787.11
1043 1086 4510.94
1043 1088 3601.74
1043 1089 1531.15
1043 1090 2080.78
1043 1091 4043.20
1043 1092 2000.39
1043 1093 1157.06
1043 1094 4163.45
1044 1045 5031.56
1044 1046 4005.64
1044 1047 3789.12
1044 1048 3215.02
1044 1049 1733.12
1044 1051 3219.41
1044 1052 2889.16
1044 1054 3788.57
1044 1055 2003.34
1044 1056 2643.02
1044 1057 2639.21
1044 1058 4045.61
1044 1059 1735.77
1044 1065 4165.11
1044 1066 3001.09
1044 1071 1158.65
1044 1072 2309.83
1044 1073 2891.77
1044 1074 2000.93
1044 1075 3465.48
1044 1076 4584.27
1044 1077 2083.03
1044 1078 2646.93
1044 1081 3610.81
1044 1082 4046.85
1044 1083 3525.99
1044 1084 5005.35
1044 1085 3470.32
1044 1086 1994.04
1044 1088 4725.53
1044 1089 3059.53
1044 1090 5036.95
1044 1091 2644.33
1044 1092 4515.84
1044 1093 3606.19
1044 1094 3218.86
1045 1046 1146.83
1045 1047 1728.75
1045 1048 3602.65
1045 1049 3783.22
1045 1051 2637.19
1045 1052 3208.24
1045 1054 2511.80
1045 1055 4615.45
1045 1056 5504.32
1045 1057 6345.47
1045 1058 1524.41
1045 1059 3506.99
1045 1065 1996.21
1045 1066 2079.38
1045 1071 3995.90
1045 1072 3457.43
1045 1073 2640.57
1045 1074 3052.04
1045 1075 3048.55
1045 1076 575.67
1045 1077 3209.31
1045 1078 2513.95
1045 1081 1521.34
1045 1082 992.99
1045 1083 1512.21
1045 1084 577.78
1045 1085 2302.72
1045 1086 6423.00
1045 1088 995.70
1045 1089 2301.55
1045 1090 1155.94
1045 1091 3213.82
1045 1092 997.19
1045 1093 2078.42
1045 1094 2880.45
1046 1047 1526.74
1046 1048 2520.79
1046 1049 2650.90
1046 1051 1526.58
1046 1052 2082.95
1046 1054 1529.19
1046 1055 3468.64
1046 1056 4363.35
1046 1057 5198.66
1046 1058 581.29
1046 1059 2647.38
1046 1065 1155.80
1046 1066 1004.56
1046 1071 3058.29
1046 1072 2310.62
1046 1073 2081.77
1046 1074 2004.71
1046 1075 2000.27
1046 1076 996.80
1046 1077 2084.50
1046 1078 1734.71
1046 1081 999.18
1046 1082 575.01
1046 1083 567.35
1046 1084 999.73
1046 1085 1997.68
1046 1086 5293.44
1046 1088 1519.70
1046 1089 1154.73
1046 1090 1155.12
1046 1091 2648.38
1046 1092 580.39
1046 1093 1003.39
1046 1094 2514.12
1047 1048 3606.22
1047 1049 3057.10
1047 1051 2642.85
1047 1052 3053.32
1047 1054 2886.04
1047 1055 4043.75
1047 1056 5033.55
1047 1057 5684.03
1047 1058 2084.04
1047 1059 2081.14
1047 1065 2644.98
1047 1066 1530.58
1047 1071 2645.42
1047 1072 2996.79
1047 1073 998.34
1047 1074 2082.28
1047 1075 3211.89
1047 1076 1153.09
1047 1077 2514.89
1047 1078 1156.71
1047 1081 576.89
1047 1082 1001.70
1047 1083 1157.97
1047 1084 2084.62
1047 1085 573.97
1047 1086 5505.35
1047 1088 997.94
1047 1089 2078.79
1047 1090 2519.07
1047 1091 1531.15
1047 1092 2004.19
1047 1093 2308.91
1047 1094 1151.70
1048 1049 1526.89
1048 1051 1004.76
1048 1052 578.97
1048 1054 1157.16
1048 1055 1525.12
1048 1056 2082.26
1048 1057 3054.66
1048 1058 2082.31
1048 1059 3054.93
1048 1065 1733.42
1048 1066 2079.34
1048 1071 3001.78
1048 1072 1002.35
1048 1073 3465.20
1048 1074 2083.24
1048 1075 580.84
1048 1076 3512.52
1048 1077 1529.75
1048 1078 2886.22
1048 1081 3056.92
1048 1082 3001.72
1048 1083 2519.10
1048 1084 3216.70
1048 1085 3786.56
1048 1086 3510.83
1048 1088 3995.74
1048 1089 1531.30
1048 1090 2887.51
1048 1091 3784.47
1048 1092 2647.98
1048 1093 1527.92
1048 1094 4040.36
1049 1051 1532.09
1049 1052 1156.04
1049 1054 2083.44
1049 1055 1000.69
1049 1056 1998.05
1049 1057 2641.88
1049 1058 2519.32
1049 1059 1733.60
1049 1065 2517.55
1049 1066 1731.25
1049 1071 1530.57
1049 1072 576.74
1049 1073 2519.85
1049 1074 1001.99
1049 1075 1732.36
1049 1076 3465.11
1049 1077 580.30
1049 1078 2000.31
1049 1081 2649.71
1049 1082 2890.65
1049 1083 2319.76
1049 1084 3609.43
1049 1085 3003.51
1049 1086 2642.55
1049 1088 3783.43
1049 1089 1532.16
1049 1090 3514.12
1049 1091 2644.48
1049 1092 3059.93
1049 1093 1999.85
1049 1094 3056.40
1051 1052 579.77
1051 1054 575.63
1051 1055 2086.32
1051 1056 2892.55
1051 1057 3790.17
1051 1058 1150.37
1051 1059 2516.93
1051 1065 995.87
1051 1066 1149.88
1051 1071 2648.94
1051 1072 1003.31
1051 1073 2644.73
1051 1074 1530.45
1051 1075 577.06
1051 1076 2512.15
1051 1077 1158.32
1051 1078 2080.03
1051 1081 2079.56
1051 1082 1996.96
1051 1083 1524.95
1051 1084 2306.37
1051 1085 2884.17
1051 1086 4044.90
1051 1088 2990.98
1051 1089 577.49
1051 1090 2077.49
1051 1091 3053.49
1051 1092 1729.51
1051 1093 571.77
1051 1094 3211.14
1052 1054 999.39
1052 1055 1529.37
1052 1056 2312.78
1052 1057 3216.45
1052 1058 1730.14
1052 1059 2516.00
1052 1065 1525.58
1052 1066 1522.77
1052 1071 2518.54
1052 1072 579.33
1052 1073 2886.23
1052 1074 1528.53
1052 1075 576.33
1052 1076 3052.53
1052 1077 1001.86
1052 1078 2307.26
1052 1081 2516.08
1052 1082 2515.71
1052 1083 2001.12
1052 1084 2886.14
1052 1085 3213.26
1052 1086 3513.13
1052 1088 3504.82
1052 1089 1001.39
1052 1090 2643.83
1052 1091 3212.01
1052 1092 2309.28
1052 1093 1151.54
1052 1094 3461.40
1054 1055 2517.43
1054 1056 3217.42
1054 1057 4164.88
1054 1058 997.74
1054 1059 3054.91
1054 1065 576.26
1054 1066 1525.25
1054 1071 3216.54
1054 1072 1528.47
1054 1073 3054.87
1054 1074 2084.00
1054 1075 576.33
1054 1076 2515.54
1054 1077 1733.94
1054 1078 2516.25
1054 1081 2309.16
1054 1082 2080.84
1054 1083 1728.18
1054 1084 2081.20
1054 1085 3213.06
1054 1086 4509.88
1054 1088 3048.87
1054 1089 1000.65
1054 1090 1730.36
1054 1091 3511.42
1054 1092 1526.77
1054 1093 577.15
1054 1094 3603.03
1055 1056 997.38
1055 1057 1730.04
1055 1058 3215.67
1055 1059 2649.22
1055 1065 3054.93
1055 1066 2644.50
1055 1071 2315.01
1055 1072 1158.04
1055 1073 3516.10
1055 1074 2002.68
1055 1075 2000.50
1055 1076 4359.60
1055 1077 1531.30
1055 1078 3000.99
1055 1081 3609.39
1055 1082 3789.19
1055 1083 3223.15
1055 1084 4361.38
1055 1085 4004.18
1055 1086 2000.49
1055 1088 4722.90
1055 1089 2313.91
1055 1090 4163.81
1055 1091 3605.41
1055 1092 3789.09
1055 1093 2644.90
1055 1094 4044.05
1056 1057 999.53
1056 1058 4042.90
1056 1059 3605.20
1056 1065 3787.60
1056 1066 3603.13
1056 1071 3215.70
1056 1072 2085.16
1056 1073 4510.51
1056 1074 3000.03
1056 1075 2649.41
1056 1076 5291.67
1056 1077 2518.66
1056 1078 3998.36
1056 1081 4584.84
1056 1082 4728.16
1056 1083 4170.18
1056 1084 5198.92
1056 1085 5001.55
1056 1086 1731.05
1056 1088 5682.08
1056 1089 3218.95
1056 1090 4934.24
1056 1091 4578.65
1056 1092 4622.05
1056 1093 3464.29
1056 1094 5032.67
1057 1058 4932.90
1057 1059 3997.03
1057 1065 4726.02
1057 1066 4354.50
1057 1071 3510.02
1057 1072 2888.04
1057 1073 5031.96
1057 1074 3602.78
1057 1075 3607.86
1057 1076 6080.59
1057 1077 3214.16
1057 1078 4578.22
1057 1081 5291.58
1057 1082 5507.98
1057 1083 4938.97
1057 1084 6083.95
1057 1085 5567.13
1057 1086 997.87
1057 1088 6422.82
1057 1089 4043.93
1057 1090 5859.45
1057 1091 4992.68
1057 1092 5509.45
1057 1093 4357.33
1057 1094 5504.68
1058 1059 2888.56
1058 1065 574.52
1058 1066 1157.07
1058 1071 3217.69
1058 1072 2080.91
1058 1073 2518.71
1058 1074 2085.62
1058 1075 1524.17
1058 1076 1529.20
1058 1077 2001.59
1058 1078 2084.75
1058 1081 1529.70
1058 1082 1156.30
1058 1083 994.01
1058 1084 1156.03
1058 1085 2517.28
1058 1086 5131.44
1058 1088 2078.29
1058 1089 998.83
1058 1090 999.54
1058 1091 3058.54
1058 1092 579.16
1058 1093 578.62
1058 1094 2999.94
1059 1065 3213.54
1059 1066 1731.50
1059 1071 577.13
1059 1072 2078.51
1059 1073 1156.01
1059 1074 997.96
1059 1075 2998.24
1059 1076 2997.99
1059 1077 1525.19
1059 1078 997.69
1059 1081 2001.60
1059 1082 2518.66
1059 1083 2093.12
1059 1084 3607.94
1059 1085 1734.57
1059 1086 3603.28
1059 1088 3051.59
1059 1089 2081.56
1059 1090 3787.22
1059 1091 995.68
1059 1092 3218.56
1059 1093 2643.87
1059 1094 1527.77
1065 1066 1525.92
1065 1071 3464.92
1065 1072 1999.18
1065 1073 2999.05
1065 1074 2310.96
1065 1075 1152.59
1065 1076 2081.27
1065 1077 2082.08
1065 1078 2516.21
1065 1081 2080.83
1065 1082 1730.81
1065 1083 1519.99
1065 1084 1527.63
1065 1085 3052.72
1065 1086 5032.44
1065 1088 2640.02
1065 1089 1153.09
1065 1090 1154.11
1065 1091 3511.65
1065 1092 999.07
1065 1093 578.41
1065 1094 3508.68
1066 1071 2081.74
1066 1072 1521.51
1066 1073 1529.63
1066 1074 1000.17
1066 1075 1726.92
1066 1076 1733.87
1066 1077 1150.97
1066 1078 1001.55
1066 1081 1004.61
1066 1082 1159.41
1066 1083 588.55
1066 1084 2004.27
1066 1085 1734.33
1066 1086 4354.69
1066 1088 2079.93
1066 1089 572.39
1066 1090 2084.07
1066 1091 2001.57
1066 1092 1532.88
1066 1093 997.33
1066 1094 2081.80
1071 1072 1999.43
1071 1073 1733.13
1071 1074 1153.97
1071 1075 3055.80
1071 1076 3510.67
1071 1077 1527.50
1071 1078 1525.58
1071 1081 2518.92
1071 1082 3002.90
1071 1083 2529.04
1071 1084 4044.92
1071 1085 2311.69
1071 1086 3053.59
1071 1088 3602.27
1071 1089 2311.83
1071 1090 4165.81
1071 1091 1521.79
1071 1092 3610.73
1071 1093 2886.52
1071 1094 2081.38
1072 1073 2643.37
1072 1074 1152.44
1072 1075 1155.66
1072 1076 3211.23
1072 1077 576.30
1072 1078 2076.97
1072 1081 2515.21
1072 1082 2644.68
1072 1083 2085.04
1072 1084 3214.64
1072 1085 3052.54
1072 1086 3055.38
1072 1088 3597.86
1072 1089 1155.89
1072 1090 3054.26
1072 1091 2881.16
1072 1092 2646.79
1072 1093 1524.86
1072 1094 3210.12
1073 1074 1528.38
1073 1075 3212.73
1073 1076 2078.67
1073 1077 2080.59
1073 1078 579.02
1073 1081 1155.24
1073 1082 1733.42
1073 1083 1536.96
1073 1084 2888.70
1073 1085 578.56
1073 1086 4725.00
1073 1088 1996.28
1073 1089 2080.32
1073 1090 3215.93
1073 1091 580.89
1073 1092 2649.57
1073 1093 2515.54
1073 1094 575.18
1074 1075 2000.29
1074 1076 2645.97
1074 1077 576.14
1074 1078 998.33
1074 1081 1735.21
1074 1082 2085.43
1074 1083 1539.86
1074 1084 3004.44
1074 1085 2001.55
1074 1086 3461.07
1074 1088 2883.67
1074 1089 1157.88
1074 1090 3058.40
1074 1091 1728.77
1074 1092 2522.62
1074 1093 1732.55
1074 1094 2080.33
1075 1076 2997.05
1075 1077 1528.31
1075 1078 2642.98
1075 1081 2643.94
1075 1082 2514.38
1075 1083 2078.65
1075 1084 2644.14
1075 1085 3461.23
1075 1086 4000.97
1075 1088 3503.93
1075 1089 1154.54
1075 1090 2306.68
1075 1091 3602.48
1075 1092 2079.95
1075 1093 996.89
1075 1094 3781.83
1076 1077 2884.82
1076 1078 2000.30
1076 1081 996.38
1076 1082 574.47
1076 1083 1145.42
1076 1084 1003.95
1076 1085 1727.06
1076 1086 6079.98
1076 1088 571.96
1076 1089 2077.59
1076 1090 1531.19
1076 1091 2647.30
1076 1092 1158.02
1076 1093 2000.18
1076 1094 2304.79
1077 1078 1523.99
1077 1081 2082.09
1077 1082 2310.37
1077 1083 1739.50
1077 1084 3057.07
1077 1085 2515.71
1077 1086 3213.70
1077 1088 3208.67
1077 1089 1002.76
1077 1090 3001.11
1077 1091 2304.86
1077 1092 2520.01
1077 1093 1526.53
1077 1094 2642.60
1078 1081 1003.92
1078 1082 1531.68
1078 1083 1167.36
1078 1084 2650.09
1078 1085 1003.23
1078 1086 4354.65
1078 1088 2080.34
1078 1089 1525.89
1078 1090 2889.81
1078 1091 1000.03
1078 1092 2315.08
1078 1093 1998.87
1078 1094 1154.20
1081 1082 578.17
1081 1083 581.10
1081 1084 1733.46
1081 1085 998.50
1081 1086 5196.27
1081 1088 1148.46
1081 1089 1525.63
1081 1090 2082.77
1081 1091 1736.12
1081 1092 1530.96
1081 1093 1732.03
1081 1094 1525.76
1082 1083 570.96
1082 1084 1155.29
1082 1085 1526.86
1082 1086 5507.96
1082 1088 994.04
1082 1089 1525.36
1082 1090 1527.90
1082 1091 2314.29
1082 1092 1002.49
1082 1093 1527.93
1082 1094 2080.94
1083 1084 1518.45
1083 1085 1532.78
1083 1086 4940.43
1083 1088 1517.51
1083 1089 999.75
1083 1090 1722.47
1083 1091 2093.62
1083 1092 1147.73
1083 1093 1151.08
1083 1094 2005.98
1084 1085 2645.70
1084 1086 6245.85
1084 1088 1526.06
1084 1089 2080.62
1084 1090 578.19
1084 1091 3469.57
1084 1092 576.88
1084 1093 1734.64
1084 1094 3214.59
1085 1086 5291.57
1085 1088 1522.70
1085 1089 2306.69
1085 1090 3054.76
1085 1091 1007.81
1085 1092 2518.50
1085 1093 2643.91
1085 1094 577.74
1086 1088 6344.72
1086 1089 4165.23
1086 1090 6109.63
1086 1091 4575.37
1086 1092 5688.10
1086 1093 4580.22
1086 1094 5129.60
1088 1089 2508.17
1088 1090 2080.11
1088 1091 2518.93
1088 1092 1729.98
1088 1093 2511.61
1088 1094 2078.07
1089 1090 1998.35
1089 1091 2515.08
1089 1092 1527.79
1089 1093 574.70
1089 1094 2642.02
1090 1091 3790.01
1090 1092 574.73
1090 1093 1529.42
1090 1094 3605.04
1091 1092 3220.95
1091 1093 2998.90
1091 1094 583.61
1092 1093 1157.77
1092 1094 3056.72
1093 1094 3051.84
