103 103 0
109 109 0
1010 1010 0
1011 1011 0
1012 1012 0
1013 1013 0
1014 1014 0
1016 1016 0
1017 1017 0
1018 1018 0
1019 1019 0
1020 1020 0
1022 1022 0
1023 1023 0
1024 1024 0
1029 1029 0
1030 1030 0
1032 1032 0
1033 1033 0
1034 1034 0
1035 1035 0
1037 1037 0
1038 1038 0
1039 1039 0
1040 1040 0
1041 1041 0
1042 1042 0
1043 1043 0
1044 1044 0
1045 1045 0
1046 1046 0
1047 1047 0
1048 1048 0
1049 1049 0
1051 1051 0
1052 1052 0
1054 1054 0
1055 1055 0
1056 1056 0
1057 1057 0
1058 1058 0
1059 1059 0
1065 1065 0
1066 1066 0
1071 1071 0
1072 1072 0
1073 1073 0
1074 1074 0
1075 1075 0
1076 1076 0
1077 1077 0
1078 1078 0
1081 1081 0
1082 1082 0
1083 1083 0
1084 1084 0
1085 1085 0
1086 1086 0
1088 1088 0
1089 1089 0
1090 1090 0
1091 1091 0
1092 1092 0
1093 1093 0
1094 1094 0
103 109 1724
103 1010 2004
103 1011 4359
103 1012 4042
103 1013 4164
103 1014 2514
103 1016 4042
103 1017 1722
103 1018 990
103 1019 1526
103 1020 3214
103 1022 2511
103 1023 3604
103 1024 4162
103 1029 2308
103 1030 1155
103 1032 2642
103 1033 575
103 1034 1000
103 1035 2079
103 1037 2002
103 1038 4001
103 1039 1004
103 1040 2646
103 1041 2890
103 1042 1149
103 1043 3218
103 1044 997
103 1045 4720
103 1046 3608
103 1047 3784
103 1048 2310
103 1049 999
103 1051 2521
103 1052 2084
103 1054 3057
103 1055 1007
103 1056 1735
103 1057 2000
103 1058 3513
103 1059 1997
103 1065 3512
103 1066 2084
103 1071 1526
103 1072 1528
103 1073 3054
103 1074 1729
103 1075 2647
103 1076 4356
103 1077 1527
103 1078 2641
103 1081 3464
103 1082 3787
103 1083 3223
103 1084 4584
103 1085 3605
103 1086 1732
103 1088 4613
103 1089 2519
103 1090 4510
103 1091 2993
103 1092 4044
103 1093 2998
103 1094 3509
109 1010 1012
109 1011 3994
109 1012 3507
109 1013 3212
109 1014 2876
109 1016 2520
109 1017 2981
109 1018 2631
109 1019 2072
109 1020 3046
109 1022 3206
109 1023 2004
109 1024 4032
109 1029 2071
109 1030 569
109 1032 1989
109 1033 1515
109 1034 1989
109 1035 2297
109 1037 996
109 1038 2647
109 1039 1998
109 1040 1012
109 1041 2510
109 1042 1510
109 1043 1536
109 1044 2635
109 1045 3778
109 1046 2645
109 1047 3503
109 1048 587
109 1049 987
109 1051 1157
109 1052 577
109 1054 1531
109 1055 995
109 1056 1735
109 1057 2645
109 1058 2307
109 1059 2633
109 1065 2083
109 1066 1519
109 1071 2506
109 1072 568
109 1073 3204
109 1074 1721
109 1075 1006
109 1076 3599
109 1077 1145
109 1078 2633
109 1081 2993
109 1082 3050
109 1083 2514
109 1084 3463
109 1085 3596
109 1086 2995
109 1088 4030
109 1089 1525
109 1090 3214
109 1091 3450
109 1092 2887
109 1093 1729
109 1094 3773
1010 1011 5006
1010 1012 4515
1010 1013 4168
1010 1014 3790
1010 1016 3218
1010 1017 3601
1010 1018 2643
1010 1019 2892
1010 1020 4046
1010 1022 4046
1010 1023 2651
1010 1024 5037
1010 1029 3058
1010 1030 1158
1010 1032 3000
1010 1033 2084
1010 1034 2650
1010 1035 3217
1010 1037 2007
1010 1038 3468
1010 1039 1733
1010 1040 999
1010 1041 3518
1010 1042 2307
1010 1043 2086
1010 1044 3001
1010 1045 4725
1010 1046 3612
1010 1047 4513
1010 1048 1157
1010 1049 1733
1010 1051 2090
1010 1052 1533
1010 1054 2314
1010 1055 997
1010 1056 1000
1010 1057 1999
1010 1058 3218
1010 1059 3467
1010 1065 2890
1010 1066 2522
1010 1071 3219
1010 1072 1534
1010 1073 4167
1010 1074 2649
1010 1075 1738
1010 1076 4586
1010 1077 2087
1010 1078 3607
1010 1081 4005
1010 1082 4046
1010 1083 3519
1010 1084 4364
1010 1085 4587
1010 1086 2645
1010 1088 5032
1010 1089 2524
1010 1090 4045
1010 1091 4359
1010 1092 3791
1010 1093 2648
1010 1094 4728
1011 1012 578
1011 1013 1528
1011 1014 2084
1011 1016 3216
1011 1017 3608
1011 1018 5186
1011 1019 2890
1011 1020 1155
1011 1022 2529
1011 1023 3458
1011 1024 577
1011 1029 2084
1011 1030 4045
1011 1032 2006
1011 1033 3789
1011 1034 3463
1011 1035 2311
1011 1037 2999
1011 1038 2649
1011 1039 5295
1011 1040 4586
1011 1041 1526
1011 1042 3221
1011 1043 3790
1011 1044 4365
1011 1045 1526
1011 1046 1732
1011 1047 580
1011 1048 4045
1011 1049 3610
1011 1051 3054
1011 1052 3513
1011 1054 3216
1011 1055 4587
1011 1056 5571
1011 1057 6246
1011 1058 2314
1011 1059 2648
1011 1065 2888
1011 1066 2517
1011 1071 3217
1011 1072 3511
1011 1073 1528
1011 1074 2649
1011 1075 3605
1011 1076 1000
1011 1077 3056
1011 1078 1737
1011 1081 1001
1011 1082 1157
1011 1083 1529
1011 1084 2003
1011 1085 998
1011 1086 6083
1011 1088 577
1011 1089 2516
1011 1090 2520
1011 1091 2006
1011 1092 2087
1011 1093 2648
1011 1094 1526
1012 1013 1000
1012 1014 2002
1012 1016 2647
1012 1017 3513
1012 1018 4922
1012 1019 2649
1012 1020 1000
1012 1022 2529
1012 1023 2880
1012 1024 999
1012 1029 1734
1012 1030 3609
1012 1032 1533
1012 1033 3466
1012 1034 3214
1012 1035 2083
1012 1037 2515
1012 1038 2084
1012 1039 4936
1012 1040 4045
1012 1041 1151
1012 1042 2892
1012 1043 3218
1012 1044 4168
1012 1045 1151
1012 1046 1155
1012 1047 578
1012 1048 3515
1012 1049 3219
1012 1051 2515
1012 1052 3000
1012 1054 2647
1012 1055 4167
1012 1056 5134
1012 1057 5860
1012 1058 1736
1012 1059 2518
1012 1065 2310
1012 1066 2081
1012 1071 3057
1012 1072 3054
1012 1073 1527
1012 1074 2313
1012 1075 3054
1012 1076 575
1012 1077 2647
1012 1078 1531
1012 1081 577
1012 1082 580
1012 1083 999
1012 1084 1531
1012 1085 1152
1012 1086 5774
1012 1088 571
1012 1089 1999
1012 1090 2003
1012 1091 2086
1012 1092 1532
1012 1093 2084
1012 1094 1729
1013 1014 2648
1013 1016 1733
1013 1017 4040
1013 1018 5121
1013 1019 3003
1013 1020 1731
1013 1022 3226
1013 1023 2075
1013 1024 1999
1013 1029 2001
1013 1030 3467
1013 1032 1531
1013 1033 3607
1013 1034 3511
1013 1035 2517
1013 1037 2308
1013 1038 1157
1013 1039 4936
1013 1040 3515
1013 1041 1522
1013 1042 3059
1013 1043 2519
1013 1044 4513
1013 1045 571
1013 1046 575
1013 1047 1527
1013 1048 3058
1013 1049 3218
1013 1051 2079
1013 1052 2645
1013 1054 2000
1013 1055 4044
1013 1056 4935
1013 1057 5774
1013 1058 1003
1013 1059 3055
1013 1065 1528
1013 1066 2080
1013 1071 3513
1013 1072 2886
1013 1073 2309
1013 1074 2520
1013 1075 2515
1013 1076 577
1013 1077 2647
1013 1078 2084
1013 1081 1154
1013 1082 575
1013 1083 990
1013 1084 580
1013 1085 2079
1013 1086 5859
1013 1088 1149
1013 1089 1730
1013 1090 1003
1013 1091 2890
1013 1092 581
1013 1093 1530
1013 1094 2643
1014 1016 3607
1014 1017 1527
1014 1018 3202
1014 1019 999
1014 1020 1003
1014 1022 587
1014 1023 3506
1014 1024 1733
1014 1029 1002
1014 1030 2647
1014 1032 1530
1014 1033 2001
1014 1034 1525
1014 1035 579
1014 1037 2081
1014 1038 3218
1014 1039 3513
1014 1040 3787
1014 1041 1162
1014 1042 1534
1014 1043 3516
1014 1044 2313
1014 1045 3052
1014 1046 2313
1014 1047 1528
1014 1048 3216
1014 1049 2085
1014 1051 2518
1014 1052 2647
1014 1054 3002
1014 1055 3059
1014 1056 4042
1014 1057 4507
1014 1058 2650
1014 1059 577
1014 1065 3056
1014 1066 1529
1014 1071 1154
1014 1072 2308
1014 1073 579
1014 1074 1155
1014 1075 3055
1014 1076 2516
1014 1077 1731
1014 1078 578
1014 1081 1531
1014 1082 2086
1014 1083 1745
1014 1084 3219
1014 1085 1158
1014 1086 4161
1014 1088 2515
1014 1089 2001
1014 1090 3468
1014 1091 574
1014 1092 2893
1014 1093 2517
1014 1094 999
1016 1017 4615
1016 1018 5024
1016 1019 3467
1016 1020 3000
1016 1022 4173
1016 1023 574
1016 1024 3605
1016 1029 2645
1016 1030 3002
1016 1032 2081
1016 1033 3606
1016 1034 3785
1016 1035 3214
1016 1037 2081
1016 1038 576
1016 1039 4512
1016 1040 2313
1016 1041 2513
1016 1042 3214
1016 1043 1155
1016 1044 4728
1016 1045 2079
1016 1046 1528
1016 1047 3055
1016 1048 2083
1016 1049 3056
1016 1051 1524
1016 1052 1998
1016 1054 999
1016 1055 3512
1016 1056 4165
1016 1057 5132
1016 1058 997
1016 1059 3786
1016 1065 578
1016 1066 2307
1016 1071 4043
1016 1072 2517
1016 1073 3511
1016 1074 2889
1016 1075 1526
1016 1076 2310
1016 1077 2647
1016 1078 3055
1016 1081 2516
1016 1082 2080
1016 1083 1991
1016 1084 1527
1016 1085 3510
1016 1086 5507
1016 1088 2882
1016 1089 1731
1016 1090 998
1016 1091 4042
1016 1092 1152
1016 1093 1156
1016 1094 3997
1017 1018 1983
1017 1019 1147
1017 1020 2518
1017 1022 1149
1017 1023 4349
1017 1024 3217
1017 1029 2079
1017 1030 2509
1017 1032 2642
1017 1033 1521
1017 1034 992
1017 1035 1526
1017 1037 2640
1017 1038 4357
1017 1039 2639
1017 1040 3992
1017 1041 2521
1017 1042 1525
1017 1043 4160
1017 1044 998
1017 1045 4503
1017 1046 3605
1017 1047 3055
1017 1048 3506
1017 1049 1994
1017 1051 3211
1017 1052 3050
1017 1054 3782
1017 1055 2643
1017 1056 3456
1017 1057 3595
1017 1058 3785
1017 1059 1000
1017 1065 4037
1017 1066 2307
1017 1071 572
1017 1072 2508
1017 1073 2084
1017 1074 1726
1017 1075 3599
1017 1076 3998
1017 1077 2075
1017 1078 1997
1017 1081 3001
1017 1082 3513
1017 1083 3065
1017 1084 4583
1017 1085 2650
1017 1086 2992
1017 1088 4039
1017 1089 2884
1017 1090 4724
1017 1091 1730
1017 1092 4165
1017 1093 3458
1017 1094 2313
1018 1019 2296
1018 1020 4031
1018 1022 3037
1018 1023 4572
1018 1024 4921
1018 1029 3202
1018 1030 2072
1018 1032 3592
1018 1033 1516
1018 1034 1723
1018 1035 2875
1018 1037 2992
1018 1038 4992
1018 1039 1000
1018 1040 3457
1018 1041 3779
1018 1042 2067
1018 1043 4158
1018 1044 985
1018 1045 5670
1018 1046 4574
1018 1047 4606
1018 1048 3207
1018 1049 1989
1018 1051 3506
1018 1052 3048
1018 1054 4034
1018 1055 1730
1018 1056 2000
1018 1057 1735
1018 1058 4500
1018 1059 2633
1018 1065 4499
1018 1066 3047
1018 1071 2070
1018 1072 2508
1018 1073 3775
1018 1074 2632
1018 1075 3598
1018 1076 5278
1018 1077 2506
1018 1078 3449
1018 1081 4349
1018 1082 4716
1018 1083 4162
1018 1084 5559
1018 1085 4349
1018 1086 1009
1018 1088 5491
1018 1089 3504
1018 1090 5498
1018 1091 3588
1018 1092 5026
1018 1093 3988
1018 1094 4151
1019 1020 1734
1019 1022 1154
1019 1023 3212
1019 1024 2646
1019 1029 1002
1019 1030 1735
1019 1032 1529
1019 1033 1002
1019 1034 574
1019 1035 578
1019 1037 1530
1019 1038 3219
1019 1039 2518
1019 1040 3058
1019 1041 1535
1019 1042 585
1019 1043 3061
1019 1044 1529
1019 1045 3509
1019 1046 2522
1019 1047 2310
1019 1048 2520
1019 1049 1159
1019 1051 2086
1019 1052 2003
1019 1054 2650
1019 1055 2087
1019 1056 3057
1019 1057 3510
1019 1058 2651
1019 1059 574
1019 1065 2889
1019 1066 1160
1019 1071 576
1019 1072 1528
1019 1073 1528
1019 1074 578
1019 1075 2519
1019 1076 3055
1019 1077 1001
1019 1078 1153
1019 1081 2085
1019 1082 2521
1019 1083 2013
1019 1084 3517
1019 1085 2083
1019 1086 3212
1019 1088 3212
1019 1089 1736
1019 1090 3610
1019 1091 1522
1019 1092 3062
1019 1093 2311
1019 1094 1999
1020 1022 1540
1020 1023 3047
1020 1024 999
1020 1029 1002
1020 1030 3002
1020 1032 1158
1020 1033 2648
1020 1034 2308
1020 1035 1156
1020 1037 2079
1020 1038 2518
1020 1039 4166
1020 1040 3788
1020 1041 578
1020 1042 2088
1020 1043 3217
1020 1044 3220
1020 1045 2076
1020 1046 1527
1020 1047 575
1020 1048 3216
1020 1049 2520
1020 1051 2308
1020 1052 2645
1020 1054 2646
1020 1055 3516
1020 1056 4511
1020 1057 5131
1020 1058 2002
1020 1059 1529
1020 1065 2516
1020 1066 1527
1020 1071 2083
1020 1072 2515
1020 1073 577
1020 1074 1530
1020 1075 2885
1020 1076 1524
1020 1077 2000
1020 1078 581
1020 1081 578
1020 1082 1156
1020 1083 1008
1020 1084 2311
1020 1085 576
1020 1086 4933
1020 1088 1523
1020 1089 1731
1020 1090 2647
1020 1091 1158
1020 1092 2086
1020 1093 2081
1020 1094 998
1022 1023 4043
1022 1024 2093
1022 1029 1537
1022 1030 2889
1022 1032 2092
1022 1033 2081
1022 1034 1523
1022 1035 1009
1022 1037 2521
1022 1038 3798
1022 1039 3510
1022 1040 4168
1022 1041 1748
1022 1042 1740
1022 1043 4010
1022 1044 2079
1022 1045 3613
1022 1046 2899
1022 1047 2011
1022 1048 3611
1022 1049 2314
1022 1051 3008
1022 1052 3060
1022 1054 3520
1022 1055 3219
1022 1056 4163
1022 1057 4503
1022 1058 3227
1022 1059 580
1022 1065 3614
1022 1066 2008
1022 1071 995
1022 1072 2647
1022 1073 1013
1022 1074 1532
1022 1075 3517
1022 1076 3065
1022 1077 2085
1022 1078 1164
1022 1081 2095
1022 1082 2659
1022 1083 2332
1022 1084 3800
1022 1085 1541
1022 1086 4034
1022 1088 3009
1022 1089 2525
1022 1090 4054
1022 1091 581
1022 1092 3479
1022 1093 3063
1022 1094 1164
1023 1024 3777
1023 1029 2509
1023 1030 2517
1023 1032 1991
1023 1033 3211
1023 1034 3459
1023 1035 3047
1023 1037 1728
1023 1038 993
1023 1039 4002
1023 1040 1739
1023 1041 2506
1023 1042 2881
1023 1043 581
1023 1044 4357
1023 1045 2506
1023 1046 1725
1023 1047 3206
1023 1048 1530
1023 1049 2643
1023 1051 1148
1023 1052 1524
1023 1054 572
1023 1055 2999
1023 1056 3609
1023 1057 4585
1023 1058 1144
1023 1059 3599
1023 1065 570
1023 1066 2074
1023 1071 3782
1023 1072 2079
1023 1073 3504
1023 1074 2642
1023 1075 998
1023 1076 2638
1023 1077 2306
1023 1078 2993
1023 1081 2637
1023 1082 2300
1023 1083 2067
1023 1084 1993
1023 1085 3596
1023 1086 4999
1023 1088 3201
1023 1089 1521
1023 1090 1520
1023 1091 3993
1023 1092 1518
1023 1093 994
1023 1094 4031
1024 1029 2001
1024 1030 4001
1024 1032 2085
1024 1033 3606
1024 1034 3212
1024 1035 2082
1024 1037 3052
1024 1038 3056
1024 1039 5133
1024 1040 4727
1024 1041 1526
1024 1042 3061
1024 1043 4043
1024 1044 4046
1024 1045 2078
1024 1046 2080
1024 1047 577
1024 1048 4164
1024 1049 3515
1024 1051 3212
1024 1052 3604
1024 1054 3463
1024 1055 4512
1024 1056 5508
1024 1057 6108
1024 1058 2648
1024 1059 2310
1024 1065 3214
1024 1066 2515
1024 1071 2887
1024 1072 3509
1024 1073 1154
1024 1074 2518
1024 1075 3783
1024 1076 1525
1024 1077 2999
1024 1078 1530
1024 1081 1154
1024 1082 1528
1024 1083 1735
1024 1084 2519
1024 1085 575
1024 1086 5858
1024 1088 1154
1024 1089 2643
1024 1090 3002
1024 1091 1533
1024 1092 2520
1024 1093 2886
1024 1094 999
1029 1030 2001
1029 1032 577
1029 1033 1732
1029 1034 1525
1029 1035 577
1029 1037 1151
1029 1038 2311
1029 1039 3216
1029 1040 2887
1029 1041 583
1029 1042 1158
1029 1043 2519
1029 1044 2520
1029 1045 2512
1029 1046 1530
1029 1047 1527
1029 1048 2310
1029 1049 1530
1029 1051 1527
1029 1052 1731
1029 1054 2000
1029 1055 2519
1029 1056 3512
1029 1057 4161
1029 1058 1734
1029 1059 1155
1029 1065 2081
1029 1066 576
1029 1071 1529
1029 1072 1524
1029 1073 1156
1029 1074 579
1029 1075 2079
1029 1076 2080
1029 1077 998
1029 1078 577
1029 1081 1157
1029 1082 1530
1029 1083 1011
1029 1084 2519
1029 1085 1528
1029 1086 4040
1029 1088 2305
1029 1089 999
1029 1090 2647
1029 1091 1527
1029 1092 2086
1029 1093 1526
1029 1094 1731
1030 1032 2080
1030 1033 999
1030 1034 1529
1030 1035 2081
1030 1037 1159
1030 1038 3058
1030 1039 1528
1030 1040 1527
1030 1041 2521
1030 1042 1149
1030 1043 2086
1030 1044 2081
1030 1045 4038
1030 1046 2891
1030 1047 3513
1030 1048 1156
1030 1049 575
1030 1051 1533
1030 1052 1004
1030 1054 2003
1030 1055 577
1030 1056 1527
1030 1057 2307
1030 1058 2648
1030 1059 2309
1030 1065 2518
1030 1066 1531
1030 1071 2083
1030 1072 581
1030 1073 3056
1030 1074 1528
1030 1075 1530
1030 1076 3786
1030 1077 1002
1030 1078 2515
1030 1081 3058
1030 1082 3217
1030 1083 2653
1030 1084 3789
1030 1085 3513
1030 1086 2514
1030 1088 4160
1030 1089 1737
1030 1090 3608
1030 1091 3211
1030 1092 3219
1030 1093 2082
1030 1094 3605
1032 1033 2079
1032 1034 1996
1032 1035 1154
1032 1037 993
1032 1038 1734
1032 1039 3463
1032 1040 2644
1032 1041 580
1032 1042 1528
1032 1043 2082
1032 1044 3001
1032 1045 2079
1032 1046 1005
1032 1047 1531
1032 1048 2079
1032 1049 1731
1032 1051 1150
1032 1052 1523
1032 1054 1525
1032 1055 2644
1032 1056 3603
1032 1057 4355
1032 1058 1157
1032 1059 1731
1032 1065 1526
1032 1066 572
1032 1071 2082
1032 1072 1522
1032 1073 1530
1032 1074 1000
1032 1075 1727
1032 1076 1734
1032 1077 1151
1032 1078 1002
1032 1081 1005
1032 1082 1159
1032 1083 589
1032 1084 2004
1032 1085 1734
1032 1086 4355
1032 1088 2080
1032 1089 572
1032 1090 2084
1032 1091 2002
1032 1092 1533
1032 1093 997
1032 1094 2082
1033 1034 580
1033 1035 1528
1033 1037 1529
1033 1038 3514
1033 1039 1528
1033 1040 2515
1033 1041 2315
1033 1042 574
1033 1043 2889
1033 1044 1156
1033 1045 4159
1033 1046 3058
1033 1047 3215
1033 1048 2081
1033 1049 577
1033 1051 2085
1033 1052 1733
1033 1054 2647
1033 1055 1158
1033 1056 2081
1033 1057 2514
1033 1058 3001
1033 1059 1528
1033 1065 3055
1033 1066 1531
1033 1071 1157
1033 1072 1154
1033 1073 2518
1033 1074 1154
1033 1075 2309
1033 1076 3785
1033 1077 1000
1033 1078 2080
1033 1081 2889
1033 1082 3217
1033 1083 2656
1033 1084 4044
1033 1085 3057
1033 1086 2307
1033 1088 4037
1033 1089 2003
1033 1090 4001
1033 1091 2513
1033 1092 3516
1033 1093 2515
1033 1094 3000
1034 1035 1152
1034 1037 1732
1034 1038 3606
1034 1039 2004
1034 1040 3000
1034 1041 2085
1034 1042 578
1034 1043 3217
1034 1044 1005
1034 1045 4034
1034 1046 3001
1034 1047 2884
1034 1048 2517
1034 1049 1002
1034 1051 2311
1034 1052 2083
1034 1054 2887
1034 1055 1738
1034 1056 2648
1034 1057 3000
1034 1058 3055
1034 1059 997
1034 1065 3213
1034 1066 1529
1034 1071 577
1034 1072 1526
1034 1073 2080
1034 1074 996
1034 1075 2645
1034 1076 3602
1034 1077 1153
1034 1078 1727
1034 1081 2645
1034 1082 3055
1034 1083 2525
1034 1084 4001
1034 1085 2645
1034 1086 2647
1034 1088 3779
1034 1089 2082
1034 1090 4041
1034 1091 1992
1034 1092 3514
1034 1093 2643
1034 1094 2513
1035 1037 1524
1035 1038 2888
1035 1039 3056
1035 1040 3214
1035 1041 1005
1035 1042 1005
1035 1043 3002
1035 1044 2085
1035 1045 2995
1035 1046 2083
1035 1047 1732
1035 1048 2645
1035 1049 1529
1035 1051 1999
1035 1052 2080
1035 1054 2516
1035 1055 2519
1035 1056 3512
1035 1057 4039
1035 1058 2311
1035 1059 578
1035 1065 2644
1035 1066 1000
1035 1071 1001
1035 1072 1728
1035 1073 1001
1035 1074 576
1035 1075 2514
1035 1076 2514
1035 1077 1152
1035 1078 575
1035 1081 1529
1035 1082 2002
1035 1083 1539
1035 1084 3057
1035 1085 1529
1035 1086 3784
1035 1088 2642
1035 1089 1527
1035 1090 3215
1035 1091 1153
1035 1092 2649
1035 1093 2079
1035 1094 1527
1037 1038 2000
1037 1039 2650
1037 1040 1736
1037 1041 1526
1037 1042 1153
1037 1043 1531
1037 1044 2648
1037 1045 2879
1037 1046 1732
1037 1047 2513
1037 1048 1158
1037 1049 1003
1037 1051 580
1037 1052 580
1037 1054 1155
1037 1055 1736
1037 1056 2650
1037 1057 3466
1037 1058 1526
1037 1059 1998
1037 1065 1526
1037 1066 575
1037 1071 2082
1037 1072 578
1037 1073 2307
1037 1074 1000
1037 1075 1001
1037 1076 2642
1037 1077 578
1037 1078 1728
1037 1081 1998
1037 1082 2080
1037 1083 1529
1037 1084 2645
1037 1085 2642
1037 1086 3607
1037 1088 3046
1037 1089 578
1037 1090 2515
1037 1091 2641
1037 1092 2082
1037 1093 997
1037 1094 2882
1038 1039 4586
1038 1040 2649
1038 1041 2079
1038 1042 3057
1038 1043 1528
1038 1044 4587
1038 1045 1525
1038 1046 1002
1038 1047 2518
1038 1048 2311
1038 1049 3003
1038 1051 1525
1038 1052 2081
1038 1054 1154
1038 1055 3607
1038 1056 4361
1038 1057 5293
1038 1058 577
1038 1059 3466
1038 1065 578
1038 1066 2081
1038 1071 3789
1038 1072 2517
1038 1073 3056
1038 1074 2650
1038 1075 1731
1038 1076 1734
1038 1077 2519
1038 1078 2648
1038 1081 2001
1038 1082 1528
1038 1083 1519
1038 1084 1000
1038 1085 2999
1038 1086 5568
1038 1088 2306
1038 1089 1527
1038 1090 576
1038 1091 3609
1038 1092 576
1038 1093 1003
1038 1094 3511
1039 1040 2645
1039 1041 3792
1039 1042 2078
1039 1043 3516
1039 1044 1729
1039 1045 5505
1039 1046 4364
1039 1047 4727
1039 1048 2518
1039 1049 1732
1039 1051 3061
1039 1052 2521
1039 1054 3515
1039 1055 1003
1039 1056 1000
1039 1057 996
1039 1058 4166
1039 1059 3001
1039 1065 4043
1039 1066 2891
1039 1071 2518
1039 1072 2085
1039 1073 4044
1039 1074 2646
1039 1075 3004
1039 1076 5197
1039 1077 2312
1039 1078 3605
1039 1081 4362
1039 1082 4622
1039 1083 4051
1039 1084 5295
1039 1085 4585
1039 1086 997
1039 1088 5504
1039 1089 3220
1039 1090 5134
1039 1091 3996
1039 1092 4730
1039 1093 3606
1039 1094 4510
1040 1041 3217
1040 1042 2512
1040 1043 1158
1040 1044 3604
1040 1045 4040
1040 1046 3005
1040 1047 4164
1040 1048 577
1040 1049 1998
1040 1051 1532
1040 1052 1156
1040 1054 1531
1040 1055 1727
1040 1056 1999
1040 1057 2999
1040 1058 2518
1040 1059 3605
1040 1065 2085
1040 1066 2311
1040 1071 3513
1040 1072 1530
1040 1073 4042
1040 1074 2647
1040 1075 1005
1040 1076 4002
1040 1077 2083
1040 1078 3463
1040 1081 3608
1040 1082 3514
1040 1083 3057
1040 1084 3609
1040 1085 4360
1040 1086 3603
1040 1088 4506
1040 1089 2086
1040 1090 3216
1040 1091 4357
1040 1092 3058
1040 1093 2001
1040 1094 4618
1041 1042 1741
1041 1043 2647
1041 1044 3064
1041 1045 1989
1041 1046 1151
1041 1047 997
1041 1048 2648
1041 1049 2088
1041 1051 1730
1041 1052 2082
1041 1054 2080
1041 1055 3061
1041 1056 4046
1041 1057 4729
1041 1058 1526
1041 1059 1533
1041 1065 1996
1041 1066 1001
1041 1071 2007
1041 1072 2000
1041 1073 1003
1041 1074 1161
1041 1075 2307
1041 1076 1520
1041 1077 1530
1041 1078 584
1041 1081 574
1041 1082 996
1041 1083 584
1041 1084 2079
1041 1085 1154
1041 1086 4622
1041 1088 1722
1041 1089 1153
1041 1090 2306
1041 1091 1532
1041 1092 1731
1041 1093 1525
1041 1094 1527
1042 1043 2646
1042 1044 1530
1042 1045 3603
1042 1046 2522
1042 1047 2650
1042 1048 1996
1042 1049 574
1042 1051 1733
1042 1052 1525
1042 1054 2309
1042 1055 1525
1042 1056 2511
1042 1057 3048
1042 1058 2519
1042 1059 1160
1042 1065 2645
1042 1066 1004
1042 1071 1006
1042 1072 994
1042 1073 2006
1042 1074 580
1042 1075 2078
1042 1076 3216
1042 1077 575
1042 1078 1530
1042 1081 2315
1042 1082 2651
1042 1083 2094
1042 1084 3516
1042 1085 2523
1042 1086 2881
1042 1088 3464
1042 1089 1530
1042 1090 3514
1042 1091 2084
1042 1092 3005
1042 1093 2080
1042 1094 2521
1043 1044 4045
1043 1045 2998
1043 1046 2086
1043 1047 3466
1043 1048 1003
1043 1049 2312
1043 1051 1002
1043 1052 1156
1043 1054 580
1043 1055 2517
1043 1056 3058
1043 1057 4044
1043 1058 1527
1043 1059 3514
1043 1065 1001
1043 1066 2002
1043 1071 3610
1043 1072 1736
1043 1073 3608
1043 1074 2521
1043 1075 580
1043 1076 3056
1043 1077 2086
1043 1078 3057
1043 1081 2889
1043 1082 2647
1043 1083 2308
1043 1084 2517
1043 1085 3787
1043 1086 4511
1043 1088 3602
1043 1089 1531
1043 1090 2081
1043 1091 4043
1043 1092 2000
1043 1093 1157
1043 1094 4163
1044 1045 5032
1044 1046 4006
1044 1047 3789
1044 1048 3215
1044 1049 1733
1044 1051 3219
1044 1052 2889
1044 1054 3789
1044 1055 2003
1044 1056 2643
1044 1057 2639
1044 1058 4046
1044 1059 1736
1044 1065 4165
1044 1066 2522
1044 1071 1159
1044 1072 2310
1044 1073 2892
1044 1074 2001
1044 1075 3465
1044 1076 4584
1044 1077 2083
1044 1078 2647
1044 1081 3611
1044 1082 4047
1044 1083 3526
1044 1084 5005
1044 1085 3470
1044 1086 1994
1044 1088 4726
1044 1089 3060
1044 1090 5037
1044 1091 2644
1044 1092 4516
1044 1093 3606
1044 1094 3219
1045 1046 1147
1045 1047 1729
1045 1048 3603
1045 1049 3783
1045 1051 2637
1045 1052 3208
1045 1054 2512
1045 1055 4615
1045 1056 5504
1045 1057 6345
1045 1058 1524
1045 1059 3507
1045 1065 1996
1045 1066 2638
1045 1071 3996
1045 1072 3457
1045 1073 2641
1045 1074 3052
1045 1075 3049
1045 1076 576
1045 1077 3209
1045 1078 2514
1045 1081 1521
1045 1082 993
1045 1083 1512
1045 1084 578
1045 1085 2303
1045 1086 6423
1045 1088 996
1045 1089 2302
1045 1090 1156
1045 1091 3214
1045 1092 997
1045 1093 2078
1045 1094 2880
1046 1047 1527
1046 1048 2521
1046 1049 2651
1046 1051 1527
1046 1052 2083
1046 1054 1529
1046 1055 3469
1046 1056 4363
1046 1057 5199
1046 1058 581
1046 1059 2647
1046 1065 1156
1046 1066 1528
1046 1071 3058
1046 1072 2311
1046 1073 2082
1046 1074 2005
1046 1075 2000
1046 1076 997
1046 1077 2085
1046 1078 1735
1046 1081 999
1046 1082 575
1046 1083 567
1046 1084 1000
1046 1085 1998
1046 1086 5293
1046 1088 1520
1046 1089 1155
1046 1090 1155
1046 1091 2648
1046 1092 580
1046 1093 1003
1046 1094 2514
1047 1048 3606
1047 1049 3057
1047 1051 2643
1047 1052 3053
1047 1054 2886
1047 1055 4044
1047 1056 5034
1047 1057 5684
1047 1058 2084
1047 1059 2081
1047 1065 2645
1047 1066 1998
1047 1071 2645
1047 1072 2997
1047 1073 998
1047 1074 2082
1047 1075 3212
1047 1076 1153
1047 1077 2515
1047 1078 1157
1047 1081 577
1047 1082 1002
1047 1083 1158
1047 1084 2085
1047 1085 574
1047 1086 5505
1047 1088 998
1047 1089 2079
1047 1090 2519
1047 1091 1531
1047 1092 2004
1047 1093 2309
1047 1094 1152
1048 1049 1527
1048 1051 1005
1048 1052 579
1048 1054 1157
1048 1055 1525
1048 1056 2082
1048 1057 3055
1048 1058 2082
1048 1059 3055
1048 1065 1733
1048 1066 1733
1048 1071 3002
1048 1072 1002
1048 1073 3465
1048 1074 2083
1048 1075 581
1048 1076 3513
1048 1077 1530
1048 1078 2886
1048 1081 3057
1048 1082 3002
1048 1083 2519
1048 1084 3217
1048 1085 3787
1048 1086 3511
1048 1088 3996
1048 1089 1531
1048 1090 2888
1048 1091 3784
1048 1092 2648
1048 1093 1528
1048 1094 4040
1049 1051 1532
1049 1052 1156
1049 1054 2083
1049 1055 1001
1049 1056 1998
1049 1057 2642
1049 1058 2519
1049 1059 1734
1049 1065 2518
1049 1066 1160
1049 1071 1531
1049 1072 577
1049 1073 2520
1049 1074 1002
1049 1075 1732
1049 1076 3465
1049 1077 580
1049 1078 2000
1049 1081 2650
1049 1082 2891
1049 1083 2320
1049 1084 3609
1049 1085 3004
1049 1086 2643
1049 1088 3783
1049 1089 1532
1049 1090 3514
1049 1091 2644
1049 1092 3060
1049 1093 2000
1049 1094 3056
1051 1052 580
1051 1054 576
1051 1055 2086
1051 1056 2893
1051 1057 3790
1051 1058 1150
1051 1059 2517
1051 1065 996
1051 1066 999
1051 1071 2649
1051 1072 1003
1051 1073 2645
1051 1074 1530
1051 1075 577
1051 1076 2512
1051 1077 1158
1051 1078 2080
1051 1081 2080
1051 1082 1997
1051 1083 1525
1051 1084 2306
1051 1085 2884
1051 1086 4045
1051 1088 2991
1051 1089 577
1051 1090 2077
1051 1091 3053
1051 1092 1730
1051 1093 572
1051 1094 3211
1052 1054 999
1052 1055 1529
1052 1056 2313
1052 1057 3216
1052 1058 1730
1052 1059 2516
1052 1065 1526
1052 1066 1154
1052 1071 2519
1052 1072 579
1052 1073 2886
1052 1074 1529
1052 1075 576
1052 1076 3053
1052 1077 1002
1052 1078 2307
1052 1081 2516
1052 1082 2516
1052 1083 2001
1052 1084 2886
1052 1085 3213
1052 1086 3513
1052 1088 3505
1052 1089 1001
1052 1090 2644
1052 1091 3212
1052 1092 2309
1052 1093 1152
1052 1094 3461
1054 1055 2517
1054 1056 3217
1054 1057 4165
1054 1058 998
1054 1059 3055
1054 1065 576
1054 1066 1526
1054 1071 3217
1054 1072 1528
1054 1073 3055
1054 1074 2084
1054 1075 576
1054 1076 2516
1054 1077 1734
1054 1078 2516
1054 1081 2309
1054 1082 2081
1054 1083 1728
1054 1084 2081
1054 1085 3213
1054 1086 4510
1054 1088 3049
1054 1089 1001
1054 1090 1730
1054 1091 3511
1054 1092 1527
1054 1093 577
1054 1094 3603
1055 1056 997
1055 1057 1730
1055 1058 3216
1055 1059 2649
1055 1065 3055
1055 1066 2086
1055 1071 2315
1055 1072 1158
1055 1073 3516
1055 1074 2003
1055 1075 2001
1055 1076 4360
1055 1077 1531
1055 1078 3001
1055 1081 3609
1055 1082 3789
1055 1083 3223
1055 1084 4361
1055 1085 4004
1055 1086 2000
1055 1088 4723
1055 1089 2314
1055 1090 4164
1055 1091 3605
1055 1092 3789
1055 1093 2645
1055 1094 4044
1056 1057 1000
1056 1058 4043
1056 1059 3605
1056 1065 3788
1056 1066 3058
1056 1071 3216
1056 1072 2085
1056 1073 4511
1056 1074 3000
1056 1075 2649
1056 1076 5292
1056 1077 2519
1056 1078 3998
1056 1081 4585
1056 1082 4728
1056 1083 4170
1056 1084 5199
1056 1085 5002
1056 1086 1731
1056 1088 5682
1056 1089 3219
1056 1090 4934
1056 1091 4579
1056 1092 4622
1056 1093 3464
1056 1094 5033
1057 1058 4933
1057 1059 3997
1057 1065 4726
1057 1066 3787
1057 1071 3510
1057 1072 2888
1057 1073 5032
1057 1074 3603
1057 1075 3608
1057 1076 6081
1057 1077 3214
1057 1078 4578
1057 1081 5292
1057 1082 5508
1057 1083 4939
1057 1084 6084
1057 1085 5567
1057 1086 998
1057 1088 6423
1057 1089 4044
1057 1090 5859
1057 1091 4993
1057 1092 5509
1057 1093 4357
1057 1094 5505
1058 1059 2889
1058 1065 575
1058 1066 1526
1058 1071 3218
1058 1072 2081
1058 1073 2519
1058 1074 2086
1058 1075 1524
1058 1076 1529
1058 1077 2002
1058 1078 2085
1058 1081 1530
1058 1082 1156
1058 1083 994
1058 1084 1156
1058 1085 2517
1058 1086 5131
1058 1088 2078
1058 1089 999
1058 1090 1000
1058 1091 3059
1058 1092 579
1058 1093 579
1058 1094 3000
1059 1065 3214
1059 1066 1529
1059 1071 577
1059 1072 2079
1059 1073 1156
1059 1074 998
1059 1075 2998
1059 1076 2998
1059 1077 1525
1059 1078 998
1059 1081 2002
1059 1082 2519
1059 1083 2093
1059 1084 3608
1059 1085 1735
1059 1086 3603
1059 1088 3052
1059 1089 2082
1059 1090 3787
1059 1091 996
1059 1092 3219
1059 1093 2644
1059 1094 1528
1065 1066 1729
1065 1071 3465
1065 1072 1999
1065 1073 2999
1065 1074 2311
1065 1075 1153
1065 1076 2081
1065 1077 2082
1065 1078 2516
1065 1081 2081
1065 1082 1731
1065 1083 1520
1065 1084 1528
1065 1085 3053
1065 1086 5032
1065 1088 2640
1065 1089 1153
1065 1090 1154
1065 1091 3512
1065 1092 999
1065 1093 578
1065 1094 3509
1066 1071 1736
1066 1072 999
1066 1073 1732
1066 1074 582
1066 1075 1525
1066 1076 2305
1066 1077 579
1066 1078 1153
1066 1081 1527
1066 1082 1731
1066 1083 1160
1066 1084 2516
1066 1085 2081
1066 1086 3788
1066 1088 2638
1066 1089 576
1066 1090 2515
1066 1091 2080
1066 1092 2001
1066 1093 1151
1066 1094 2307
1071 1072 1999
1071 1073 1733
1071 1074 1154
1071 1075 3056
1071 1076 3511
1071 1077 1528
1071 1078 1526
1071 1081 2519
1071 1082 3003
1071 1083 2529
1071 1084 4045
1071 1085 2312
1071 1086 3054
1071 1088 3602
1071 1089 2312
1071 1090 4166
1071 1091 1522
1071 1092 3611
1071 1093 2887
1071 1094 2081
1072 1073 2643
1072 1074 1152
1072 1075 1156
1072 1076 3211
1072 1077 576
1072 1078 2077
1072 1081 2515
1072 1082 2645
1072 1083 2085
1072 1084 3215
1072 1085 3053
1072 1086 3055
1072 1088 3598
1072 1089 1156
1072 1090 3054
1072 1091 2881
1072 1092 2647
1072 1093 1525
1072 1094 3210
1073 1074 1528
1073 1075 3213
1073 1076 2079
1073 1077 2081
1073 1078 579
1073 1081 1155
1073 1082 1733
1073 1083 1537
1073 1084 2889
1073 1085 579
1073 1086 4725
1073 1088 1996
1073 1089 2080
1073 1090 3216
1073 1091 581
1073 1092 2650
1073 1093 2516
1073 1094 575
1074 1075 2000
1074 1076 2646
1074 1077 576
1074 1078 998
1074 1081 1735
1074 1082 2085
1074 1083 1540
1074 1084 3004
1074 1085 2002
1074 1086 3461
1074 1088 2884
1074 1089 1158
1074 1090 3058
1074 1091 1729
1074 1092 2523
1074 1093 1733
1074 1094 2080
1075 1076 2997
1075 1077 1528
1075 1078 2643
1075 1081 2644
1075 1082 2514
1075 1083 2079
1075 1084 2644
1075 1085 3461
1075 1086 4001
1075 1088 3504
1075 1089 1155
1075 1090 2307
1075 1091 3602
1075 1092 2080
1075 1093 997
1075 1094 3782
1076 1077 2885
1076 1078 2000
1076 1081 996
1076 1082 574
1076 1083 1145
1076 1084 1004
1076 1085 1727
1076 1086 6080
1076 1088 572
1076 1089 2078
1076 1090 1531
1076 1091 2647
1076 1092 1158
1076 1093 2000
1076 1094 2305
1077 1078 1524
1077 1081 2082
1077 1082 2310
1077 1083 1739
1077 1084 3057
1077 1085 2516
1077 1086 3214
1077 1088 3209
1077 1089 1003
1077 1090 3001
1077 1091 2305
1077 1092 2520
1077 1093 1527
1077 1094 2643
1078 1081 1004
1078 1082 1532
1078 1083 1167
1078 1084 2650
1078 1085 1003
1078 1086 4355
1078 1088 2080
1078 1089 1526
1078 1090 2890
1078 1091 1000
1078 1092 2315
1078 1093 1999
1078 1094 1154
1081 1082 578
1081 1083 581
1081 1084 1733
1081 1085 998
1081 1086 5196
1081 1088 1148
1081 1089 1526
1081 1090 2083
1081 1091 1736
1081 1092 1531
1081 1093 1732
1081 1094 1526
1082 1083 571
1082 1084 1155
1082 1085 1527
1082 1086 5508
1082 1088 994
1082 1089 1525
1082 1090 1528
1082 1091 2314
1082 1092 1002
1082 1093 1528
1082 1094 2081
1083 1084 1518
1083 1085 1533
1083 1086 4940
1083 1088 1518
1083 1089 1000
1083 1090 1722
1083 1091 2094
1083 1092 1148
1083 1093 1151
1083 1094 2006
1084 1085 2646
1084 1086 6246
1084 1088 1526
1084 1089 2081
1084 1090 578
1084 1091 3470
1084 1092 577
1084 1093 1735
1084 1094 3215
1085 1086 5292
1085 1088 1523
1085 1089 2307
1085 1090 3055
1085 1091 1008
1085 1092 2518
1085 1093 2644
1085 1094 578
1086 1088 6345
1086 1089 4165
1086 1090 6110
1086 1091 4575
1086 1092 5688
1086 1093 4580
1086 1094 5130
1088 1089 2508
1088 1090 2080
1088 1091 2519
1088 1092 1730
1088 1093 2512
1088 1094 2078
1089 1090 1998
1089 1091 2515
1089 1092 1528
1089 1093 575
1089 1094 2642
1090 1091 3790
1090 1092 575
1090 1093 1529
1090 1094 3605
1091 1092 3221
1091 1093 2999
1091 1094 584
1092 1093 1158
1092 1094 3057
1093 1094 3052
