# ***TEMPLATE SELECTION FOR NUTRIG FLT STUDY***
# Number of templates (=rows): 5
# Number of samples of 2 ns per template (=columns): 100
# Templates selected from: ZHAireS DC2.1rc4 
# 
# 
1.074543e-03 0.000000e+00 0.000000e+00 -1.074543e-03 -1.074543e-03 1.074543e-03 1.074543e-03 -3.223629e-03 0.000000e+00 3.223629e-03 0.000000e+00 1.074543e-03 0.000000e+00 -8.596343e-03 0.000000e+00 1.181997e-02 8.596343e-03 -9.670886e-03 -3.545992e-02 6.447257e-03 6.124894e-02 -2.686357e-02 -4.727989e-02 5.265260e-02 1.074543e-03 3.545992e-02 7.306892e-02 -2.385485e-01 -2.278031e-01 2.353249e-01 3.825373e-01 1.257215e-01 -2.278031e-01 -3.664191e-01 -2.202813e-01 9.026160e-02 3.288101e-01 2.987229e-01 6.877074e-02 -1.923432e-01 -2.804557e-01 -1.654796e-01 3.116174e-02 1.525851e-01 1.515105e-01 7.199437e-02 -2.256540e-02 -7.306892e-02 -6.769620e-02 -3.008720e-02 4.298172e-03 2.901266e-02 2.471449e-02 3.223629e-03 -1.289451e-02 -1.504360e-02 3.223629e-03 1.934177e-02 1.934177e-02 5.372714e-03 -9.670886e-03 -1.504360e-02 -1.181997e-02 -7.521800e-03 -4.298172e-03 -1.074543e-03 6.447257e-03 1.396906e-02 1.504360e-02 9.670886e-03 -2.149086e-03 -1.181997e-02 -1.181997e-02 -7.521800e-03 0.000000e+00 3.223629e-03 2.149086e-03 1.074543e-03 0.000000e+00 0.000000e+00 1.074543e-03 2.149086e-03 3.223629e-03 2.149086e-03 0.000000e+00 -2.149086e-03 -5.372714e-03 -5.372714e-03 -2.149086e-03 0.000000e+00 2.149086e-03 3.223629e-03 2.149086e-03 1.074543e-03 1.074543e-03 0.000000e+00 0.000000e+00 -1.074543e-03 -1.074543e-03 -1.074543e-03
0.000000e+00 0.000000e+00 0.000000e+00 0.000000e+00 0.000000e+00 0.000000e+00 0.000000e+00 0.000000e+00 0.000000e+00 0.000000e+00 0.000000e+00 0.000000e+00 -8.046677e-03 0.000000e+00 1.207002e-02 -4.023339e-03 -1.609335e-02 4.023339e-03 1.207002e-02 0.000000e+00 -8.046677e-03 0.000000e+00 -8.046677e-03 -1.609335e-02 5.230340e-02 1.005835e-01 -1.850736e-01 -1.689802e-01 4.224506e-01 5.632674e-02 -5.069407e-01 -2.414003e-02 2.816337e-01 2.414003e-01 8.046677e-02 -2.092136e-01 -3.057737e-01 -1.207002e-01 8.449011e-02 2.172603e-01 2.414003e-01 4.425673e-02 -1.287468e-01 -1.810502e-01 -1.005835e-01 0.000000e+00 5.632674e-02 7.644343e-02 4.425673e-02 1.609335e-02 -1.207002e-02 -2.011669e-02 -2.414003e-02 -4.023339e-03 8.046677e-03 0.000000e+00 -4.023339e-03 -2.011669e-02 -8.046677e-03 8.046677e-03 1.207002e-02 1.207002e-02 8.046677e-03 4.023339e-03 0.000000e+00 -4.023339e-03 -1.207002e-02 -1.207002e-02 -8.046677e-03 0.000000e+00 8.046677e-03 1.207002e-02 8.046677e-03 0.000000e+00 -4.023339e-03 -4.023339e-03 0.000000e+00 0.000000e+00 0.000000e+00 0.000000e+00 -4.023339e-03 -4.023339e-03 -4.023339e-03 0.000000e+00 4.023339e-03 4.023339e-03 4.023339e-03 0.000000e+00 0.000000e+00 0.000000e+00 0.000000e+00 0.000000e+00 0.000000e+00 0.000000e+00 0.000000e+00 0.000000e+00 0.000000e+00 0.000000e+00 0.000000e+00 0.000000e+00
0.000000e+00 0.000000e+00 0.000000e+00 0.000000e+00 0.000000e+00 0.000000e+00 0.000000e+00 0.000000e+00 0.000000e+00 0.000000e+00 0.000000e+00 0.000000e+00 -1.054342e-02 0.000000e+00 1.581512e-02 -5.271708e-03 -1.581512e-02 5.271708e-03 1.054342e-02 0.000000e+00 -5.271708e-03 0.000000e+00 -5.271708e-03 -2.635854e-02 3.690195e-02 1.476078e-01 -2.003249e-01 -2.266834e-01 4.902688e-01 5.271708e-02 -5.324425e-01 1.581512e-02 2.372268e-01 1.897815e-01 1.054342e-01 -1.634229e-01 -2.846722e-01 -1.001624e-01 5.271708e-02 1.686946e-01 2.266834e-01 4.217366e-02 -1.001624e-01 -1.581512e-01 -7.907561e-02 -5.271708e-03 4.217366e-02 6.853220e-02 3.690195e-02 1.581512e-02 -1.054342e-02 -1.581512e-02 -2.108683e-02 0.000000e+00 5.271708e-03 0.000000e+00 0.000000e+00 -1.581512e-02 -5.271708e-03 5.271708e-03 1.054342e-02 1.054342e-02 1.054342e-02 0.000000e+00 0.000000e+00 -5.271708e-03 -1.054342e-02 -1.054342e-02 -5.271708e-03 0.000000e+00 5.271708e-03 1.054342e-02 5.271708e-03 0.000000e+00 0.000000e+00 0.000000e+00 0.000000e+00 0.000000e+00 0.000000e+00 0.000000e+00 0.000000e+00 0.000000e+00 0.000000e+00 0.000000e+00 0.000000e+00 0.000000e+00 0.000000e+00 0.000000e+00 0.000000e+00 0.000000e+00 0.000000e+00 0.000000e+00 0.000000e+00 0.000000e+00 0.000000e+00 0.000000e+00 0.000000e+00 0.000000e+00 0.000000e+00 0.000000e+00
0.000000e+00 0.000000e+00 0.000000e+00 0.000000e+00 0.000000e+00 0.000000e+00 0.000000e+00 -3.325987e-03 0.000000e+00 3.325987e-03 0.000000e+00 -3.325987e-03 -3.325987e-03 0.000000e+00 9.977962e-03 1.995592e-02 0.000000e+00 -4.656382e-02 -2.660790e-02 5.654178e-02 3.658586e-02 -8.314968e-02 -5.321580e-02 1.330395e-01 1.962333e-01 -6.651975e-03 -2.727310e-01 -3.059908e-01 -6.319376e-02 2.561010e-01 3.991185e-01 2.527750e-01 -6.651975e-02 -3.359247e-01 -3.658586e-01 -1.629734e-01 1.031056e-01 2.561010e-01 2.361451e-01 1.031056e-01 -3.658586e-02 -1.164096e-01 -1.164096e-01 -6.651975e-02 -1.330395e-02 1.995592e-02 2.660790e-02 1.330395e-02 6.651975e-03 9.977962e-03 2.660790e-02 2.993389e-02 1.662994e-02 -3.325987e-03 -2.660790e-02 -3.991185e-02 -3.658586e-02 -1.995592e-02 0.000000e+00 1.662994e-02 2.993389e-02 3.325987e-02 2.328191e-02 6.651975e-03 -6.651975e-03 -1.662994e-02 -1.995592e-02 -1.330395e-02 -3.325987e-03 0.000000e+00 0.000000e+00 0.000000e+00 0.000000e+00 3.325987e-03 6.651975e-03 9.977962e-03 6.651975e-03 3.325987e-03 -3.325987e-03 -9.977962e-03 -1.330395e-02 -9.977962e-03 -3.325987e-03 0.000000e+00 6.651975e-03 6.651975e-03 6.651975e-03 3.325987e-03 0.000000e+00 0.000000e+00 0.000000e+00 0.000000e+00 -3.325987e-03 -3.325987e-03 -3.325987e-03 0.000000e+00 0.000000e+00 0.000000e+00 0.000000e+00 3.325987e-03
0.000000e+00 0.000000e+00 0.000000e+00 0.000000e+00 0.000000e+00 0.000000e+00 0.000000e+00 0.000000e+00 0.000000e+00 0.000000e+00 0.000000e+00 -3.632811e-03 0.000000e+00 3.632811e-03 2.179686e-02 7.265621e-03 -3.996092e-02 -2.906248e-02 3.632811e-02 1.453124e-02 -5.812497e-02 -4.359373e-02 7.992183e-02 1.852733e-01 1.089843e-01 -1.198828e-01 -3.015233e-01 -2.651952e-01 -1.816405e-02 2.724608e-01 3.996092e-01 2.579296e-01 -3.996092e-02 -3.015233e-01 -3.632811e-01 -2.179686e-01 1.089843e-02 1.961718e-01 2.506639e-01 1.743749e-01 4.722654e-02 -6.175778e-02 -1.126171e-01 -1.017187e-01 -6.175778e-02 -2.179686e-02 0.000000e+00 1.089843e-02 1.816405e-02 3.269530e-02 4.722654e-02 5.085935e-02 3.269530e-02 3.632811e-03 -2.906248e-02 -5.085935e-02 -5.449216e-02 -3.996092e-02 -1.453124e-02 1.089843e-02 3.269530e-02 4.359373e-02 3.996092e-02 2.179686e-02 0.000000e+00 -1.089843e-02 -2.179686e-02 -2.179686e-02 -1.453124e-02 -1.089843e-02 -3.632811e-03 0.000000e+00 3.632811e-03 7.265621e-03 1.453124e-02 1.453124e-02 1.453124e-02 7.265621e-03 0.000000e+00 -1.089843e-02 -1.453124e-02 -1.453124e-02 -1.089843e-02 -3.632811e-03 3.632811e-03 7.265621e-03 1.089843e-02 7.265621e-03 7.265621e-03 3.632811e-03 0.000000e+00 -3.632811e-03 -3.632811e-03 -3.632811e-03 -3.632811e-03 -3.632811e-03 0.000000e+00 0.000000e+00 0.000000e+00 3.632811e-03
