# ***TEMPLATE SELECTION FOR NUTRIG FLT STUDY***
# Number of templates (=rows): 5
# Number of samples of 2 ns per template (=columns): 100
# Templates selected from: ZHAireS DC2.1rc4 
# 
# 
0.000000e+00 0.000000e+00 0.000000e+00 0.000000e+00 7.780089e-04 2.059502e-03 9.031204e-04 -2.570906e-03 -3.373361e-03 1.013036e-03 4.336836e-03 1.348070e-03 -4.812348e-03 -5.627957e-03 3.151234e-03 1.453490e-02 8.765563e-03 -2.651300e-02 -4.002688e-02 1.745822e-02 5.857993e-02 -5.299681e-03 -7.298720e-02 1.823011e-03 1.445007e-01 1.190003e-01 -1.336656e-01 -3.374019e-01 -1.831668e-01 2.345345e-01 4.712925e-01 2.595758e-01 -1.775075e-01 -4.121174e-01 -2.906603e-01 -1.381707e-02 1.731284e-01 2.146297e-01 1.645023e-01 5.585049e-02 -7.784954e-02 -1.515258e-01 -1.064066e-01 -5.592164e-03 4.343269e-02 2.395101e-02 4.685979e-03 1.746932e-02 2.317276e-02 8.641276e-04 -1.209437e-02 9.257574e-03 2.851300e-02 4.811897e-03 -3.692258e-02 -4.144612e-02 -7.515214e-03 1.382477e-02 -9.795574e-04 -5.500045e-03 2.674373e-02 3.766313e-02 6.258332e-03 -1.654163e-02 -1.221890e-02 -8.045512e-03 -1.027639e-02 -7.581691e-03 -9.843505e-04 4.050617e-03 4.672789e-03 2.941285e-03 3.249703e-03 3.747677e-03 1.885213e-03 2.987960e-04 1.516477e-03 1.130461e-03 -1.965121e-03 -6.045060e-03 -6.931170e-03 -4.233935e-03 -4.835435e-04 2.398056e-03 2.707768e-03 2.115474e-03 1.284734e-03 3.291475e-04 -2.613079e-04 -4.222644e-04 1.985044e-04 5.080686e-04 2.074555e-04 3.768723e-05 2.522349e-05 -1.486791e-04 -2.131463e-04 -3.726197e-04 -3.642665e-04 7.429953e-05
0.000000e+00 0.000000e+00 0.000000e+00 4.142795e-04 -1.461806e-04 -1.980515e-03 -1.032637e-03 3.004351e-03 3.659870e-03 -1.789321e-03 -5.760840e-03 -1.787942e-03 5.765117e-03 6.882204e-03 -2.215322e-03 -1.727007e-02 -1.688040e-02 2.762662e-02 5.233386e-02 -2.019027e-02 -7.385431e-02 6.737771e-03 9.447786e-02 1.288353e-02 -1.580929e-01 -1.510422e-01 1.177572e-01 3.565441e-01 2.109249e-01 -2.258863e-01 -4.781499e-01 -2.622559e-01 1.778135e-01 4.002104e-01 2.673103e-01 1.890445e-03 -1.577786e-01 -1.883983e-01 -1.515578e-01 -5.978884e-02 7.136366e-02 1.472004e-01 9.839278e-02 -4.841324e-03 -4.618460e-02 -1.629045e-02 2.148208e-03 -1.849852e-02 -2.588025e-02 2.830501e-03 1.829560e-02 -9.901976e-03 -3.474486e-02 -7.948448e-03 3.965018e-02 4.425733e-02 4.559295e-03 -1.928606e-02 4.949533e-03 1.343241e-02 -2.856894e-02 -3.987972e-02 -2.847238e-03 1.548305e-02 7.036664e-03 6.655933e-03 1.092641e-02 6.792260e-03 8.779232e-04 -5.165528e-03 -4.467257e-03 -1.682319e-03 -1.757451e-03 -3.605940e-03 -2.001846e-03 -1.196256e-03 -3.082534e-03 -1.769897e-03 1.372763e-03 5.693912e-03 6.592726e-03 4.676892e-03 6.217988e-04 -3.153397e-03 -3.764693e-03 -3.502674e-03 -2.039085e-03 -6.810345e-04 3.293725e-04 4.420829e-04 3.598743e-04 6.564683e-04 1.347019e-03 1.922755e-03 1.329083e-03 4.938830e-04 5.006065e-06 2.177473e-04 -1.212318e-04 -9.621228e-04
1.258231e-04 6.470749e-04 8.197526e-04 -9.804367e-05 -1.777111e-05 1.886900e-03 6.736522e-04 -3.756612e-03 -3.690224e-03 2.597456e-03 6.430835e-03 1.796451e-03 -5.979813e-03 -6.855752e-03 2.576839e-03 1.764885e-02 1.717896e-02 -2.901217e-02 -5.686951e-02 2.405330e-02 8.039846e-02 -1.734883e-02 -9.936005e-02 -3.743495e-03 1.642885e-01 1.500496e-01 -1.296162e-01 -3.651964e-01 -2.015373e-01 2.424837e-01 4.780234e-01 2.471996e-01 -1.896288e-01 -3.963574e-01 -2.544829e-01 3.043763e-03 1.539795e-01 1.830160e-01 1.504593e-01 5.838427e-02 -7.419156e-02 -1.458984e-01 -9.267476e-02 9.066616e-03 4.394006e-02 1.266726e-02 -2.220376e-03 1.986337e-02 2.475720e-02 -4.841806e-03 -1.675492e-02 1.368180e-02 3.597718e-02 5.284670e-03 -4.158781e-02 -4.249726e-02 -1.748256e-03 1.915068e-02 -7.827581e-03 -1.608190e-02 3.257409e-02 4.177152e-02 -3.876401e-03 -1.297141e-02 -4.281758e-03 -1.123303e-02 -1.015022e-02 -5.770977e-03 -1.420323e-03 5.733987e-03 5.005647e-03 1.516530e-05 1.674345e-03 3.370863e-03 1.913409e-03 2.392817e-03 3.226082e-03 1.750976e-03 -2.077528e-03 -5.382235e-03 -6.947201e-03 -5.511096e-03 -9.169229e-04 2.738595e-03 3.696644e-03 3.091475e-03 2.229528e-03 1.433037e-03 7.440757e-04 -1.027320e-04 -9.162337e-04 -8.985583e-04 -8.415604e-04 -7.596804e-04 -9.144508e-04 -9.362029e-04 -7.411007e-04 1.397388e-05 7.219492e-04 1.345087e-03
0.000000e+00 0.000000e+00 0.000000e+00 0.000000e+00 -9.145563e-04 -1.506407e-03 4.447808e-04 2.577342e-03 1.388074e-03 -2.578907e-03 -3.433639e-03 1.257120e-03 6.351025e-03 4.226361e-03 -7.021676e-03 -1.551261e-02 1.150389e-03 3.406304e-02 2.570958e-02 -2.845594e-02 -3.689542e-02 2.770743e-02 4.838899e-02 -5.205882e-02 -1.552431e-01 -6.887641e-02 1.926304e-01 3.396569e-01 1.365967e-01 -2.647102e-01 -4.611453e-01 -2.540853e-01 1.479728e-01 3.849373e-01 3.168065e-01 8.024071e-02 -1.312972e-01 -2.290820e-01 -2.059359e-01 -8.594819e-02 6.249549e-02 1.402791e-01 1.089628e-01 3.026079e-02 -1.429981e-02 -1.654219e-02 -1.592982e-02 -2.403086e-02 -1.898651e-02 -1.122421e-03 -9.775670e-04 -2.169437e-02 -2.803643e-02 1.713159e-03 3.807484e-02 4.088096e-02 1.576183e-02 2.350703e-03 6.381343e-03 -5.837721e-03 -3.267032e-02 -3.436669e-02 -1.236468e-02 2.069520e-03 8.528780e-03 1.394396e-02 1.409022e-02 1.023927e-02 4.368249e-03 -1.162886e-03 -3.249312e-03 -3.686184e-03 -5.189913e-03 -4.138479e-03 -2.874187e-03 -3.904453e-03 -4.999678e-03 -3.194314e-03 2.231442e-03 7.740538e-03 9.773837e-03 7.231581e-03 1.887950e-03 -2.252278e-03 -4.095520e-03 -3.959756e-03 -3.422313e-03 -2.343186e-03 -1.509658e-03 -2.866089e-04 6.229861e-04 1.417408e-04 -4.682161e-04 -8.403717e-04 -2.060680e-04 6.505723e-04 6.713310e-04 5.023768e-05 8.784563e-05 2.867821e-04
0.000000e+00 0.000000e+00 0.000000e+00 0.000000e+00 0.000000e+00 -8.988550e-04 -1.480544e-03 -1.360565e-03 4.708597e-04 1.921367e-03 9.310321e-04 -2.040484e-03 -2.751139e-03 3.644899e-03 1.271941e-02 6.486163e-03 -1.757795e-02 -2.614907e-02 -2.531808e-03 1.360624e-02 -1.137384e-02 -3.246356e-02 2.634805e-02 1.333827e-01 1.390415e-01 -4.386329e-02 -2.801077e-01 -3.167748e-01 -6.398491e-02 2.813016e-01 4.254557e-01 2.639364e-01 -5.439552e-02 -3.003246e-01 -3.482627e-01 -2.142812e-01 5.255361e-03 1.915148e-01 2.523418e-01 1.752441e-01 3.807470e-02 -6.486923e-02 -1.001089e-01 -9.316171e-02 -7.076918e-02 -3.671779e-02 2.114770e-03 2.678850e-02 2.918569e-02 2.856252e-02 3.987488e-02 4.858723e-02 3.199091e-02 -4.759854e-03 -3.439573e-02 -4.280123e-02 -4.362938e-02 -4.240007e-02 -2.519166e-02 9.876132e-03 3.915002e-02 4.652667e-02 3.573833e-02 1.982193e-02 2.786721e-03 -1.215523e-02 -2.037424e-02 -1.987986e-02 -1.424819e-02 -8.355509e-03 -3.073821e-03 1.345430e-03 5.464334e-03 9.406137e-03 1.217168e-02 1.333220e-02 1.046622e-02 4.281960e-03 -3.089864e-03 -8.853876e-03 -1.207062e-02 -1.221428e-02 -9.135987e-03 -3.646219e-03 3.042334e-03 7.395165e-03 7.729797e-03 6.178913e-03 5.277184e-03 4.247643e-03 2.025094e-03 -1.127936e-03 -3.048320e-03 -3.115002e-03 -2.784373e-03 -3.638376e-03 -3.462559e-03 -2.148836e-03 8.335387e-04 2.614856e-03
