# Generated dynamically by run_experiment.py
0
0
0
0
0
0
0
0
0
0
0
0
0
0
0
0
0
0
0
0
0
0
0
0
0
0
0
0
0
0
0
0
0
0
0
0
0
0
0
0
0
0
0
0
0
0
0
0
0
0
0
0
0
0
0
0
0
0
0
0
0
0
0
-1
-1
0
1
0
-2
-2
1
1
-1
-2
-1
1
0
-3
-2
1
1
-2
-3
0
2
-1
-4
-1
3
1
-5
-3
4
5
-4
-8
2
9
0
-13
-4
17
13
-23
-45
-11
44
51
0
-42
-21
31
44
6
-26
-14
15
14
-17
-33
-12
18
23
0
-19
-12
11
22
3
-32
-43
-10
38
48
8
-34
-30
8
21
-12
-42
-18
37
54
10
-40
-32
17
33
-11
-56
-32
46
83
30
-57
-74
-4
62
39
-40
-72
-13
60
56
-15
-57
-18
42
41
-21
-64
-33
35
61
22
-33
-45
-13
21
22
-3
-22
-14
12
25
8
-23
-31
-2
36
41
4
-33
-32
-1
18
4
-19
-15
13
29
10
-19
-24
-2
15
7
-11
-11
9
20
5
-23
-33
-10
24
39
20
-16
-35
-18
15
28
7
-22
-24
-1
16
11
-1
0
7
-1
-21
-24
-1
22
18
-3
-10
3
11
-5
-25
-17
14
31
11
-21
-28
-2
25
21
-9
-28
-13
17
25
0
-27
-18
21
42
13
-40
-56
-14
39
43
-3
-39
-20
27
38
-3
-43
-28
24
49
14
-38
-45
0
42
30
-22
-50
-17
42
60
12
-50
-59
-8
44
39
-10
-41
-19
22
28
-4
-28
-10
29
37
-3
-49
-48
5
56
49
-10
-56
-38
23
56
24
-32
-46
-9
27
16
-17
-22
10
34
14
-25
-34
-4
23
16
-10
-17
1
17
8
-12
-16
-4
6
6
4
6
4
-11
-23
-15
11
28
15
-10
-18
-2
13
3
-20
-26
-3
27
32
4
-27
-26
6
31
19
-17
-34
-12
21
25
-4
-27
-12
20
28
1
-25
-17
9
17
-5
-27
-16
18
35
13
-21
-31
-8
20
19
-6
-26
-21
4
23
21
5
-10
-13
-9
-6
-3
7
17
15
-3
-21
-16
4
15
5
-11
-11
1
5
-4
-6
9
20
7
-21
-28
-4
21
17
-5
-14
1
15
6
-14
-17
3
22
12
-16
-27
-2
35
37
-7
-51
-44
10
50
27
-27
-42
4
48
28
-35
-57
-9
49
44
-16
-52
-18
42
49
-7
-59
-47
12
47
23
-22
-32
1
30
17
-18
-28
0
29
22
-11
-28
-15
7
11
0
-8
-7
0
10
21
15
-15
-43
-30
20
49
24
-21
-28
2
16
-6
-22
0
22
5
-26
-16
24
25
-21
-40
11
59
23
-53
-52
27
45
-64
-152
-28
252
376
121
-350
-613
-391
169
631
646
228
-296
-566
-460
-136
157
287
271
176
39
-105
-184
-145
-32
40
14
-41
-26
61
126
96
6
-54
-54
-36
-44
-61
-42
18
70
71
29
-6
-7
7
1
-29
-55
-44
-1
38
38
6
-18
-7
23
34
11
-22
-32
-14
8
9
-6
-19
-13
10
30
29
2
-27
-25
8
35
18
-30
-55
-26
26
49
25
-12
-26
-12
6
7
-4
-9
2
22
29
11
-22
-40
-21
17
33
7
-32
-40
-10
19
17
-8
-19
-5
11
8
-7
-7
11
23
8
-22
-38
-23
10
33
30
6
-17
-22
-3
19
21
-5
-34
-31
7
43
34
-13
-45
-23
26
40
-2
-44
-26
33
57
13
-44
-40
15
41
2
-48
-34
31
61
14
-49
-50
6
39
9
-37
-31
23
55
20
-41
-52
1
52
32
-38
-69
-17
63
75
1
-71
-55
27
72
25
-50
-58
5
56
36
-23
-48
-22
13
20
6
-4
0
9
13
2
-23
-44
-32
20
63
48
-16
-57
-33
17
30
2
-17
-2
19
12
-12
-16
4
14
-7
-32
-24
12
38
27
-4
-24
-17
2
11
4
-7
-4
8
8
-9
-21
-6
24
33
3
-34
-37
-4
26
22
-4
-15
3
22
10
-29
-52
-22
39
67
25
-44
-61
-3
57
40
-38
-76
-19
67
73
-11
-79
-47
44
76
8
-69
-55
30
72
13
-69
-61
33
96
40
-72
-101
-12
85
73
-24
-75
-18
62
55
-29
-77
-29
46
49
-14
-48
-8
47
39
-22
-55
-26
20
25
-1
-10
10
21
0
-23
-17
7
10
-11
-19
3
26
17
-14
-21
8
31
14
-26
-43
-19
17
31
20
3
-7
-11
-14
-13
-6
6
15
13
-1
-15
-14
-1
9
6
-2
-1
4
-1
-12
-6
17
24
-8
-46
-33
27
60
19
-46
-51
12
60
30
-36
-50
4
47
19
-41
-46
15
62
31
-44
-68
-14
53
53
-10
-54
-27
36
53
2
-56
-51
13
64
45
-21
-59
-30
22
31
-7
-33
-5
40
38
-18
-59
-32
32
57
14
-40
-40
7
36
10
-36
-35
17
59
34
-36
-71
-27
44
58
0
-49
-25
36
45
-20
-72
-35
52
81
17
-61
-62
1
46
28
-12
-19
-1
2
-14
-15
12
34
16
-20
-29
-3
16
-2
-28
-15
33
55
14
-45
-54
-7
33
22
-11
-14
12
19
-11
-33
-6
37
34
-21
-57
-24
38
48
-2
-43
-18
32
32
-22
-53
-11
54
53
-20
-75
-38
46
77
19
-57
-63
-3
48
39
-3
-23
-10
2
-9
-20
